 18,     19,     22,     23,     49,     52,     53,     56,     82,     84,    125,    126,    127,    128,    153,    155
    156,    159,    160,    201,    202,    205,    206,    421,    422,    425,    426,    452,    454,    463,    465,    485
    486,    494,    503,    517,    518,    525,    536,    548,    549,    557,    568,    581,    582,    584,    585,    607
    610,    622,    631,    637,    645,    653,    662,    673,    675,    678,    701,    702,    705,    735,    736,    737
    738,    767,    768,    770,    771,    773,    806,    807,    809,    810,    812,    855,    856,    857,    858,    889
    890,    892,    893,    923,    924,    925,    926,    953,    954,    956,    957,    995,    996,    997,    998,   1029
   1030,   1032,   1033,   1067,   1068,   1069,   1070,   1103,   1104,   1105,   1106,   1170,   1191,   1192,   1193,   1194
   1195,   1196,   1197,   1520,   1521,   1522,   1523,   1524,   1525,   1526,   1527,   1528,   1529,   1530,   1531,   1532
   1533,   1534,   1535,   1536,   1537,   1538,   1539,   1540,   1541,   1542,   1543,   1544,   1545,   1546,   1547,   1548
   1549,   1550,   1551,   1552,   1553,   1554,   1555,   1556,   1557,   1558,   1559,   1560,   1561,   1562,   1563,   1564
   1565,   1566,   1567,   1568,   1569,   1570,   1571,   1572,   1573,   1574,   1575,   1576,   1577,   1578,   1579,   1580
   1581,   1582,   1583,   1584,   1585,   1586,   1587,   1588,   1589,   1590,   1591,   1592,   1593,   1594,   1595,   1596
   1597,   1598,   1599,   1600,   1601,   1602,   1603,   1604,   1605,   1606,   1607,   1608,   1609,   1610,   2102,   2103
   2104,   2105,   2106,   2107,   2108,   2109,   2110,   2111,   2112,   2113,   2114,   2115,   2116,   2117,   2118,   2119
   2120,   2121,   2122,   2123,   2124,   2125,   2126,   2127,   2128,   2129,   2130,   2131,   2132,   2133,   2134,   2135
   2136,   2137,   2138,   2139,   2140,   2141,   2142,   2143,   2144,   2145,   2146,   2147,   2148,   2149,   2150,   2151
   2152,   2153,   2154,   2155,   2156,   2157,   2158,   2159,   2160,   2161,   2162,   2163,   2164,   2165,   2166,   2167
   2168,   2169,   2170,   2171,   2172,   2173,   2174,   2175,   2176,   2177,   2178,   2179,   2180,   2181,   2182,   2183
   2184,   2185,   2186,   2187,   2188,   2189,   2190,   2191,   2192,   2193,   2194,   2195,   2196,   2197,   2198,   2199
   2200,   2201,   2202,   2203,   2204,   2803,   3213,   3214,   3215,   3216,   3265,   3266,   3267,   3268,   3399,   3400
   3401,   3402,   3403,   3404,   3405,   3406,   3407,   3408,   3409,   3410,   3411,   3412,   3413,   3414,   3415,   3416
   3417,   3418,   3419,   3420,   3559,   3560,   3561,   3562,   3563,   3564,   3619,   3620,   3621,   3622,   3623,   3624
   3658,   3668,   3702,   3725,   3726,   3734,   3742,   3778,   3981,   3982,   3983,   3984,   3985,   3986,   3987,   3988
   3989,   3990,   4051,   4052,   4053,   4054,   4059,   4060,   4061,   4062,   4211,   4212,   4213,   4217,   4218,   4219
   4392,   4393,   4394,   4395,   4396,   4397,   4398,   4406,   4407,   4408,   4409,   4410,   4411,   4412,   5056,   5057
   5058,   5059,   5060,   5066,   5067,   5068,   5069,   5070,   5176,   5177,   5178,   5179,   5180,   5181,   5182,   5183
   5184,   5185,   5191,   5192,   5193,   5194,   5195,   5241,   5242,   5243,   5244,   5245,   5296,   5297,   5298,   5299
   5300,   5336,   5337,   5338,   5339,   5340,   5403,   5404,   5405,   5406,   5407,   5421,   5422,   5423,   5424,   5425
   5426,   5427,   5428,   5467,   5468,   5469,   5470,   5507,   5508,   5509,   5510,   5543,   5544,   5545,   5546,   5547
   5548,   5555,   5556,   5557,   5558,   5559,   5560,   5705,   5706,   5707,   5708,   5709,   5710,   5711,   5712,   5713
   5714,   5715,   5716,   5717,   5718,   5719,   5720,   5721,   5722,   5831,   5832,   5833,   5834,   5835,   5836,   5837
   5838,   5839,   5840,   5841,   5842,   5843,   5844,   5845,   5846,   5847,   5848,   5923,   5924,   5925,   5926,   5931
   5932,   5933,   5934,   5982,   5983,   5984,   5985,   5986,   6119,   6120,   6121,   6122,   6123,   6129,   6130,   6131
   6132,   6133,   6140,   6142,   6255,   6256,   6257,   6258,   6365,   6366,   6369,   6370,   6371,   6494,   6495,   6496
   6500,   6501,   6641,   6642,   6643,   6644,   6645,   6646,   6777,   6779,   6919,   6920,   6921,   6922,   6923,   6924
   6925,   6926,   6927,   6928,   6929,   6930,   6931,   6932,   6933,   6934,   7091,   7093,   7225,   7226,   7227,   7228
   7229,   7230,   7231,   7232,   7359,   7360,   7361,   7375,   7376,   7377,   7491,   7492,   7493,   7494,   7631,   7632
   7633,   7634,   7635,   7636,   7637,   7638,   8687,   8688,   8689,   8690,   8691,   8692,   8745,   8746,   8747,   8748
   8749,   8750,   8751,   8969,   8970,   8971,   8972,   8973,   8974,   8975,   8976,   8977,   8978,   8979,   8980,   8981
   8982,   8983,   8984,   8985,   8986,   8987,   8988,   8989,   8990,   8991,   8992,   8993,   8994,   8995,   8996,   8997
   8998,   8999,   9000,   9001,   9002,   9003,   9004,   9005,   9006,   9007,   9008,   9009,   9010,   9011,   9012,   9013
   9014,   9015,   9016,   9017,   9018,   9019,   9020,   9021,   9022,   9023,   9024,   9025,   9026,   9027,   9028,   9029
   9030,   9031,   9032,   9033,   9034,   9035,   9036,   9037,   9038,   9039,   9040,   9041,   9042,   9043,   9044,   9045
   9046,   9047,   9048,   9049,   9050,   9051,   9052,   9053,   9919,   9920,   9921,   9922,   9923,   9924,   9925,   9926
   9927,   9928,   9929,   9930,   9931,   9932,   9933,   9934,   9935,   9936,   9937,   9938,   9939,   9940,   9941,   9942
   9943,   9944,   9945,   9946,   9947,   9948,   9949,   9950,   9951,   9952,   9953,   9954,   9955,   9956,   9957,   9958
   9959,   9960,   9961,   9962,   9963,   9964,   9965,   9966,   9967,   9968,   9969,   9970,   9971,   9972,   9973,   9974
   9975,   9976,   9977,   9978,   9979,   9980,   9981,   9982,   9983,   9984,   9985,   9986,   9987,   9988,   9989,   9990
   9991,   9992,   9993,   9994,   9995,   9996,   9997,   9998,   9999,  10000,  10001,  10002,  10003,  10004,  10747,  10748
  10749,  10750,  10751,  10752,  10753,  10754,  10755,  10756,  10757,  10758,  10759,  10760,  10761,  10762,  10763,  10764
  10765,  10766,  10767,  10768,  10769,  10770,  10771,  10772,  10773,  10774,  10775,  10776,  10777,  10778,  10779,  10780
  10781,  10782,  10783,  10784,  10785,  10786,  10787,  10788,  10789,  10790,  10791,  10792,  10793,  10794,  10795,  10796
  10797,  10798,  10799,  10800,  10801,  10802,  10803,  10804,  10805,  10806,  10807,  10808,  10809,  10810,  10811,  10812
  10813,  10814,  10815,  10816,  10817,  10818,  10819,  10820,  10821,  10822,  10823,  10824,  10825,  10826,  10827,  10828
  10829,  10830,  10831,  10832,  10833,  10834,  10835,  10836,  10837,  10838,  10839,  10840,  10841,  10842,  10843,  10844
  10845,  10846,  10847,  10848,  10849,  10850,  10851,  10852,  10853,  10854,  10855,  10856,  10857,  10858,  10859,  10860
  10861,  10862,  10863,  10864,  10865,  10866,  10867,  10868,  10869,  10870,  10871,  10872,  10873,  10874,  10875,  10876
  10877,  10878,  10879,  10880,  10881,  10882,  10883,  10884,  10885,  10886,  10887,  10888,  10889,  10890,  10891,  10892
  10893,  10894,  10895,  10896,  10897,  10898,  10899,  10900,  10901,  10902,  10903,  10904,  10905,  10906,  10907,  10908
  10909,  10910,  10911,  10912,  10913,  10914,  10915,  10916,  10917,  10918,  10919,  10920,  10921,  10922,  10923,  10924
  10925,  10926,  10927,  10928,  10929,  10930,  10931,  10932,  10933,  10934,  10935,  10936,  11941,  11942,  11943,  11944
  11945,  11946,  12628,  12629,  12630,  12631,  12632,  12633,  12634,  12883,  12884,  12885,  12886,  12887,  12888,  12889
  12890,  12891,  12892,  12893,  12894,  12895,  12896,  12897,  13286,  13287,  13288,  13289,  13290,  13291,  13292,  13293
  13294,  13295,  13296,  13297,  13298,  13299,  13300,  13301,  13302,  13303,  13304,  13305,  13306,  13307,  13308,  13309
  13310,  13311,  13312,  13313,  13314,  13315,  13316,  13317,  13318,  13319,  13320,  13321,  13322,  13323,  13324,  13325
  13326,  13327,  13328,  13329,  13330,  13331,  13332,  13333,  13334,  13335,  13336,  14326,  14496,  15484,  15667,  15668
  15669,  15670,  15847,  15848,  15849,  15850,  15851,  15852,  15853,  15854,  16238,  16388,  16676,  16846,  17036,  17209
  17210,  17572,  17573,  17574,  17575,  17576,  17577,  17578,  17579,  17580,  17581,  17582,  17583,  17584,  17585,  17586
  17587,  17588,  17589,  17590,  17591,  17592,  17593,  17594,  17944,  18075,  18076,  18323,  18324,  18554,  18739,  18740
  19898,  19899,  19900,  19901,  19902,  19903,  19904,  19905,  19906,  19907,  19908,  19909,  19910,  19911,  19912,  19913
  19914,  19915,  19916,  19917,  19918,  19919,  19920,  19921,  19922,  20073,  20074,  20075,  20076,  20077,  20078,  20079
  20080,  20081,  20082,  20083,  20084,  20085,  20086,  20087,  20088,  20089,  20090,  20091,  20092,  20143,  20144,  20145
  20146,  20147,  20225,  20602,  20603,  20932,  20933,  20934,  20935,  20936,  20937,  20938,  21501,  25244,  25245,  25246
  25247,  25248,  25249,  25250,  25251,  25252,  25253,  25254,  25255,  25256,  25257,  25258,  25259,  25260,  25261,  25262
  25263,  25264,  25265,  25266,  25267,  25268,  25269,  25270,  25271,  25272,  25273,  25274,  25275,  25276,  25277,  25278
  25279,  25280,  25281,  25282,  25283,  25284,  25285,  25286,  25287,  25288,  25289,  25290,  25291,  25292,  25293,  25294
  25295,  25296,  25297,  25298,  25299,  25300,  25301,  25302,  25303,  25304,  25305,  25306,  25307,  25308,  25309,  25310
  25311,  25312,  25313,  25314,  25315,  25316,  25317,  25318,  25319,  25320,  25321,  25322,  25323,  25324,  25325,  25326
  25327,  25328,  25329,  25330,  25331,  25332,  25333,  25334,  25335,  25336,  25337,  25338,  25339,  25340,  25341,  25342
  25343,  25344,  25345,  25346,  25347,  25348,  25349,  25350,  25351,  25352,  25353,  25354,  25355,  25356,  25357,  25358
  25359,  25360,  25361,  25362,  25363,  25364,  25365,  25366,  25367,  25368,  25369,  25370,  25371,  25372,  25373,  25374
  25375,  25376,  25377,  25378,  25379,  25380,  25381,  25382,  25383,  25384,  25385,  25386,  25387,  25388,  25389,  25390
  25391,  25392,  25393,  25394,  25395,  25396,  25397,  25398,  25399,  25400,  25401,  25402,  25403,  25404,  25405,  25406
  25407,  25408,  25409,  25410,  25411,  25412,  25413,  25414,  25415,  25416,  25417,  25418,  25419,  25420,  25421,  25422
  25423,  25424,  25425,  25426,  25427,  25428,  25429,  25430,  25431,  25432,  25433,  25434,  25435,  25436,  25437,  25438
  25439,  25440,  25441,  25442,  25443,  25444,  25445,  25446,  25447,  25448,  25449,  25450,  25451,  25452,  25453,  25454
  25455,  25456,  25457,  25458,  25459,  25460,  25461,  25462,  25463,  25464,  25465,  25466,  25467,  25468,  25469,  25470
  25471,  25472,  25473,  25474,  25475,  25476,  25477,  25478,  25479,  25480,  25481,  25482,  25483,  25484,  25485,  25486
  25487,  25488,  25489,  25490,  25491,  25492,  25493,  25494,  25495,  25496,  25497,  25498,  25499,  25500,  25501,  25502
  25503,  25504,  25505,  25506,  25507,  25508,  25509,  25510,  25511,  25512,  25513,  25514,  25515,  25516,  25517,  25518
  25519,  25520,  25521,  25522,  25523,  25524,  25525,  25526,  25527,  25528,  25529,  25530,  25531,  25532,  25533,  25534
  25535,  25536,  25537,  25538,  25539,  25540,  25541,  25542,  25543,  25544,  25545,  25546,  25547,  25548,  25549,  25550
  25551,  25552,  25553,  25554,  25555,  25556,  25557,  25558,  25559,  25560,  25561,  25562,  25563,  25564,  25565,  25566
  25567,  25568,  25569,  25570,  25571,  25572,  25573,  25574,  25575,  25576,  25577,  25578,  25579,  25580,  25581,  25582
  25583,  25584,  25585,  25586,  25587,  25588,  25589,  25590,  25591,  25592,  25593,  25594,  25595,  25596,  25597,  25598
  25599,  25600,  25601,  25602,  25603,  25604,  25605,  25606,  25607,  25608,  25609,  25610,  25611,  25612,  25613,  25614
  25615,  25616,  25617,  25618,  25619,  25620,  25621,  25622,  25623,  25624,  25625,  25626,  25627,  25628,  25629,  25630
  25631,  25632,  25633,  25634,  25635,  25636,  25637,  25638,  36357,  36358,  36359,  36360,  36361,  36362,  36363,  36364
  36365,  36366,  36367,  36368,  36369,  36370,  36371,  36372,  36373,  36374,  36375,  36376,  36377,  36378,  36379,  36380
  36381,  36382,  36383,  36384,  36385,  36386,  36387,  36388,  36389,  36390,  36391,  36392,  36393,  36394,  36395,  36396
  36397,  36398,  36399,  36400,  36401,  36402,  36403,  36404,  36405,  36406,  36407,  36408,  36409,  36410,  36411,  36412
  36413,  36414,  36415,  36416,  36417,  36418,  36419,  36420,  36421,  36422,  36423,  36424,  36425,  36426,  36427,  36428
  36429,  36430,  36431,  36432,  36433,  36434,  36435,  36436,  36437,  36438,  36439,  36440,  36441,  36442,  36443,  36444
  36445,  36446,  36447,  36448,  36449,  36450,  36451,  36452,  36453,  36454,  36455,  36456,  36457,  36458,  36459,  36460
  36461,  36462,  36463,  36464,  36465,  36466,  36467,  36468,  36469,  36470,  36471,  36472,  36473,  36474,  36475,  36476
  36477,  36478,  36479,  36480,  36481,  36482,  36483,  36484,  36485,  36486,  36487,  36488,  36489,  36490,  36491,  36492
  36493,  36494,  36495,  36496,  36497,  36498,  36499,  36500,  36501,  36502,  36503,  36504,  36505,  36506,  36507,  36508
  36509,  36510,  36511,  36512,  36513,  36514,  36515,  36516,  36517,  36518,  36519,  36520,  36521,  36522,  36523,  36524
  36525,  36526,  36527,  36528,  36529,  36530,  36531,  36532,  36533,  36534,  36535,  36536,  36537,  36538,  36539,  36540
  36541,  36542,  36543,  36544,  36545,  36546,  36547,  36548,  36549,  36550,  36551,  36552,  36553,  36554,  36555,  36556
  36557,  36558,  36559,  36560,  36561,  36562,  36563,  36564,  36565,  36566,  36567,  36568,  36569,  36570,  36571,  36572
  36573,  36574,  36575,  36576,  36577,  36578,  36579,  36580,  36581,  36582,  36583,  36584,  36585,  36586,  36587,  36588
  36589,  36590,  36591,  36592,  36593,  36594,  36595,  36596,  36597,  36598,  36599,  36600,  36601,  36602,  36603,  36604
  36605,  36606,  36607,  36608,  36609,  36610,  36611,  36612,  36613,  36614,  36615,  36616,  36617,  36618,  36619,  36620
  36621,  36622,  36623,  36624,  36625,  36626,  36627,  36628,  36629,  36630,  36631,  36632,  36633,  36634,  36635,  36636
  36637,  36638,  36639,  36640,  36641,  36642,  36643,  36644,  36645,  36646,  36647,  36648,  36649,  36650,  36651,  36652
  36653,  36654,  36655,  36656,  36657,  36658,  36659,  36660,  36661,  36662,  36663,  36664,  36665,  36666,  36667,  36668
  36669,  36670,  36671,  36672,  36673,  36674,  36675,  36676,  36677,  36678,  36679,  36680,  36681,  36682,  36683,  36684
  36685,  36686,  36687,  36688,  36689,  36690,  36691,  36692,  36693,  36694,  36695,  36696,  36697,  36698,  36699,  36700
  36701,  36702,  36703,  36704,  36705,  36706,  36707,  36708,  36709,  36710,  36711,  36712,  36713,  36714,  36715,  36716
  36717,  36718,  36719,  36720,  36721,  36722,  36723,  36724,  36725,  36726,  36727,  36728,  36729,  36730,  36731,  36732
  36733,  36734,  36735,  36736,  36737,  36738,  36739,  36740,  36741,  36742,  36743,  36744,  36745,  36746,  36747,  36748
  36749,  36750,  36751,  36752,  36753,  36754,  36755,  36756,  36757,  36758,  36759,  36760,  36761,  36762,  36763,  36764
  36765,  36766,  36767,  36768,  36769,  36770,  36771,  36772,  36773,  36774,  36775,  36776,  36777,  36778,  36779,  36780
  36781,  36782,  36783,  36784,  36785,  36786,  36787,  36788,  36789,  36790,  36791,  36792,  36793,  36794,  36795,  36796
  36797,  36798,  36799,  36800,  36801,  36802,  36803,  36804,  36805,  36806,  36807,  36808,  36809,  36810,  36811,  36812
  36813,  36814,  36815,  36816,  36817,  36818,  36819,  36820,  36821,  36822,  36823,  36824,  36825,  36826,  36827,  36828
  36829,  36830,  36831,  36832,  36833,  36834,  36835,  36836,  36837,  36838,  36839,  36840,  36841,  36842,  36843,  36844
  36845,  36846,  36847,  36848,  36849,  36850,  36851,  36852,  36853,  36854,  36855,  36856,  36857,  36858,  36859,  36860
  36861,  36862,  36863,  36864,  36865,  36866,  36867,  36868,  36869,  36870,  36871,  36872,  36873,  36874,  36875,  36876
  36877,  36878,  36879,  36880,  36881,  36882,  36883,  36884,  36885,  36886,  36887,  36888,  36889,  36890,  36891,  36892
  36893,  36894,  36895,  36896,  36897,  36898,  36899,  36900,  36901,  36902,  36903,  36904,  36905,  36906,  36907,  36908
  36909,  36910,  36911,  36912,  36913,  36914,  36915,  36916,  36917,  36918,  36919,  36920,  36921,  36922,  36923,  36924
  36925,  36926,  36927,  36928,  36929,  36930,  36931,  36932,  36933,  36934,  36935,  36936,  36937,  36938,  36939,  36940
  36941,  36942,  36943,  36944,  36945,  36946,  36947,  36948,  36949,  36950,  36951,  36952,  36953,  36954,  36955,  36956
  36957,  36958,  36959,  36960,  36961,  36962,  36963,  36964,  36965,  36966,  36967,  36968,  36969,  36970,  36971,  36972
  36973,  36974,  36975,  36976,  36977,  36978,  36979,  36980,  36981,  36982,  36983,  36984,  36985,  36986,  36987,  36988
  36989,  36990,  36991,  36992,  36993,  36994,  36995,  36996,  36997,  36998,  36999,  37000,  37001,  37002,  37003,  37004
  37005,  37006,  37007,  37008,  37009,  37010,  37011,  37012,  37013,  37014,  37015,  37016,  37017,  37018,  37019,  37020
  37021,  37022,  37023,  37024,  37025,  37026,  37027,  37028,  37029,  37030,  37031,  37032,  37033,  37034,  37035,  37036
  37037,  37038,  37039,  37040,  37041,  37042,  37043,  37044,  37045,  37046,  37047,  37048,  37049,  37050,  37051,  37052
  37053,  37054,  37055,  37056,  37057,  37058,  37059,  37060,  37061,  37062,  37063,  37064,  37065,  37066,  37067,  37068
  37069,  37070,  37071,  37072,  37073,  37074,  37075,  37076,  37077,  37078,  37079,  37080,  37081,  37082,  37083,  37084
  37085,  37086,  37087,  37088,  37089,  37090,  37091,  37092,  37093,  37094,  37095,  37096,  37097,  37098,  37099,  37100
  37101,  37102,  37103,  37104,  37105,  37106,  37107,  37108,  37109,  37110,  37111,  37112,  37113,  37114,  37115,  37116
  37117,  37118,  37119,  37120,  37121,  37122,  37123,  37124,  37125,  37126,  37127,  37128,  37129,  37130,  37131,  37132
  37133,  37134,  37135,  37136,  37137,  37138,  37139,  37140,  37141,  37142,  37143,  37144,  37145,  37146,  37147,  37148
  37149,  37150,  37151,  37152,  37153,  37154,  37155,  37156,  37157,  37158,  37159,  37160,  37161,  37162,  37163,  37164
  37165,  37166,  37167,  37168,  37169,  37170,  37171,  37172,  37173,  37174,  37175,  37176,  37177,  37178,  37179,  37180
  37181,  37182,  37183,  37184,  37185,  37186,  37187,  37188,  37189,  37190,  37191,  37192,  37193,  37194,  37195,  37196
  37197,  37198,  37199,  37200,  37201,  37202,  37203,  37204,  37205,  37206,  37207,  37208,  37209,  37210,  37211,  37212
  37213,  37214,  37215,  37216,  37217,  37218,  37219,  37220,  37221,  37222,  37223,  37224,  37225,  37226,  37227,  37228
  37229,  37230,  37231,  37232,  37233,  37234,  37235,  37236,  37237,  37238,  37239,  37240,  37241,  37242,  37243,  37244
  37245,  37246,  37247,  37248,  37249,  37250,  37251,  37252,  37253,  37254,  37255,  37256,  37257,  37258,  37259,  37260
  37261,  37262,  37263,  37264,  37265,  37266,  37267,  37268,  37269,  37270,  37271,  37272,  37273,  37274,  37275,  37276
  37277,  37278,  37279,  37280,  37281,  37282,  37283,  37284,  37285,  37286,  37287,  37288,  37289,  37290,  37291,  37292
  37293,  37294,  37295,  37296,  37297,  37298,  37299,  37300,  37301,  37302,  37303,  37304,  37305,  37306,  37307,  37308
  37309,  37310,  37311,  37312,  37313,  37314,  37315,  37316,  37317,  37318,  37319,  37320,  37321,  37322,  37323,  37324
  37325,  37326,  37327,  37328,  37329,  37330,  37331,  37332,  37333,  37334,  37335,  37336,  37337,  37338,  37339,  37340
  37341,  37342,  37343,  37344,  37345,  37346,  37347,  37348,  37349,  37350,  37351,  37352,  37353,  37354,  37355,  37356
  37357,  37358,  37359,  37360,  37361,  37362,  37363,  37364,  37365,  37366,  37367,  37368,  37369,  37370,  37371,  37372
  37373,  37374,  37375,  37376,  37377,  37378,  37379,  37380,  37381,  37382,  37383,  37384,  37385,  37386,  37387,  37388
  37389,  37390,  37391,  37392,  37393,  37394,  37395,  37396,  37397,  37398,  37399,  37400,  37401,  37402,  37403,  37404
  37405,  37406,  37407,  37408,  37409,  37410,  37411,  37412,  37413,  37414,  37415,  37416,  37417,  37418,  37419,  37420
  37421,  37422,  37423,  37424,  37425,  37426,  37427,  37428,  37429,  37430,  37431,  37432,  37433,  37434,  37435,  37436
  37437,  37438,  37439,  37440,  37441,  37442,  37443,  37444,  37445,  37446,  37447,  37448,  37449,  37450,  37451,  37452
  37453,  37454,  37455,  37456,  37457,  37458,  37459,  37460,  37461,  37462,  37463,  37464,  37465,  37466,  37467,  37468
  37469,  37470,  37471,  37472,  37473,  37474,  37475,  37476,  37477,  37478,  37479,  37480,  37481,  37482,  37483,  37484
  37485,  37486,  37487,  37488,  37489,  37490,  37491,  37492,  37493,  37494,  37495,  37496,  37497,  37498,  37499,  37500
  37501,  37502,  37503,  37504,  37505,  37506,  37507,  37508,  37509,  37510,  37511,  37512,  37513,  37514,  37515,  37516
  37517,  37518,  37519,  37520,  37521,  37522,  37523,  37524,  37525,  37526,  37527,  37528,  37529,  37530,  37531,  37532
  37533,  37534,  37535,  37536,  37537,  37538,  37539,  37540,  37541,  37542,  37543,  37544,  37545,  37546,  37547,  37548
  37549,  37550,  37551,  37552,  37553,  37554,  37555,  37556,  37557,  37558,  37559,  37560,  37561,  37562,  37563,  37564
  37565,  37566,  37567,  37568,  37569,  37570,  37571,  37572,  37573,  37574,  37575,  37576,  37577,  37578,  37579,  37580
  37581,  37582,  37583,  37584,  37585,  37586,  37587,  37588,  37589,  37590,  37591,  37592,  37593,  37594,  37595,  37596
  37597,  37598,  37599,  37600,  37601,  37602,  37603,  37604,  37605,  37606,  37607,  37608,  37609,  37610,  37611,  37612
  37613,  37614,  37615,  37616,  37617,  37618,  37619,  37620,  37621,  37622,  37623,  37624,  37625,  37626,  37627,  37628
  37629,  37630,  37631,  37632,  37633,  37634,  37635,  37636,  37637,  37638,  37639,  37640,  37641,  37642,  37643,  37644
  37645,  37646,  37647,  37648,  37649,  37650,  37651,  37652,  37653,  37654,  37655,  37656,  37657,  37658,  37659,  37660
  37661,  37662,  37663,  37664,  37665,  37666,  37667,  37668,  37669,  37670,  37671,  37672,  37673,  37674,  37675,  37676
  37677,  37678,  37679,  37680,  37681,  37682,  37683,  37684,  37685,  37686,  37687,  37688,  37689,  37690,  37691,  37692
  37693,  37694,  37695,  37696,  37697,  37698,  37699,  37700,  37701,  37702,  37703,  37704,  37705,  37706,  37707,  37708
  37709,  37710,  37711,  37712,  37713,  37714,  37715,  37716,  37717,  37718,  37719,  37720,  37721,  37722,  37723,  37724
  37725,  37726,  37727,  37728,  37729,  37730,  37731,  37732,  37733,  37734,  37735,  37736,  37737,  37738,  37739,  37740
  37741,  37742,  37743,  37744,  37745,  37746,  37747,  37748,  37749,  37750,  37751,  37752,  37753,  37754,  37755,  37756
  37757,  37758,  37759,  37760,  37761,  37762,  37763,  37764,  37765,  37766,  37767,  37768,  37769,  37770,  37771,  37772
  37773,  37774,  37775,  37776,  37777,  37778,  37779,  37780,  37781,  37782,  37783,  37784,  37785,  37786,  37787,  37788
  37789,  37790,  37791,  37792,  37793,  37794,  37795,  37796,  37797,  37798,  37799,  37800,  37801,  37802,  37803,  37804
  37805,  37806,  37807,  37808,  37809,  37810,  37811,  37812,  37813,  37814,  37815,  37816,  37817,  37818,  37819,  37820
  37821,  37822,  37823,  37824,  37825,  37826,  37827,  37828,  37829,  37830,  37831,  37832,  37833,  37834,  37835,  37836
  37837,  37838,  37839,  37840,  37841,  37842,  37843,  37844,  37845,  37846,  37847,  37848,  37849,  37850,  37851,  37852
  37853,  37854,  37855,  37856,  37857,  37858,  37859,  37860,  37861,  37862,  37863,  37864,  37865,  37866,  37867,  37868
  37869,  37870,  37871,  37872,  37873,  37874,  37875,  37876,  37877,  37878,  37879,  37880,  37881,  37882,  37883,  37884
  37885,  37886,  37887,  37888,  37889,  37890,  37891,  37892,  37893,  37894,  37895,  37896,  37897,  37898,  37899,  37900
  37901,  37902,  37903,  37904,  37905,  37906,  37907,  37908,  37909,  37910,  37911,  37912,  37913,  37914,  37915,  37916
  37917,  37918,  37919,  37920,  37921,  37922,  37923,  37924,  37925,  37926,  37927,  37928,  37929,  37930,  37931,  37932
  37933,  37934,  37935,  37936,  37937,  37938,  37939,  37940,  37941,  37942,  37943,  37944,  37945,  37946,  37947,  37948
  37949,  37950,  37951,  37952,  37953,  37954,  37955,  37956,  37957,  37958,  37959,  37960,  37961,  37962,  37963,  37964
  37965,  37966,  37967,  37968,  37969,  37970,  37971,  37972,  37973,  37974,  37975,  37976,  37977,  37978,  37979,  37980
  37981,  37982,  37983,  37984,  37985,  37986,  37987,  37988,  37989,  37990,  37991,  37992,  37993,  37994,  37995,  37996
  37997,  37998,  37999,  38000,  38001,  38002,  38003,  38004,  38005,  38006,  38007,  38008,  38009,  38010,  38011,  38012
  38013,  38014,  38015,  38016,  38017,  38018,  38019,  38020,  38021,  38022,  38023,  38024,  38025,  38026,  38027,  38028
  38029,  38030,  38031,  38032,  38033,  38034,  38035,  38036,  38037,  38038,  38039,  38040,  38041,  38042,  38043,  38044
  38045,  38046,  38047,  38048,  38049,  38050,  38051,  38052,  38053,  38054,  38055,  38056,  38057,  38058,  38059,  38060
  38061,  38062,  38063,  38064,  38065,  38066,  38067,  38068,  38069,  38070,  38071,  38072,  38073,  38074,  38075,  38076
  38077,  38078,  38079,  38080,  38081,  38082,  38083,  38084,  38085,  38086,  38087,  38088,  38089,  38090,  38091,  38092
  38093,  38094,  38095,  38096,  38097,  38098,  38099,  38100,  38101,  38102,  38103,  38104,  38105,  38106,  38107,  38108
  38109,  38110,  38111,  38112,  38113,  38114,  38115,  38116,  38117,  38118,  38119,  38120,  38121,  38122,  38123,  38124
  38125,  38126,  38127,  38128,  38129,  38130,  38131,  38132,  38133,  38134,  38135,  38136,  38137,  38138,  38139,  38140
  38141,  38142,  38143,  38144,  38145,  38146,  38147,  38148,  38149,  38150,  38151,  38152,  38153,  38154,  38155,  38156
  38157,  38158,  38159,  38160,  38161,  38162,  38163,  38164,  38165,  38166,  38167,  38168,  38169,  38170,  38171,  38172
  38173,  38174,  38175,  38176,  38177,  38178,  38179,  38180,  38181,  38182,  38183,  38184,  38185,  38186,  38187,  38188
  38189,  38190,  38191,  38192,  38193,  38194,  38195,  38196,  38197,  38198,  38199,  38200,  38201,  38202,  38203,  38204
  38205,  38206,  38207,  38208,  38209,  38210,  38211,  38212,  38213,  38214,  38215,  38216,  38217,  38218,  38219,  38220
  38221,  38222,  38223,  38224,  38225,  38226,  38227,  38228,  38229,  38230,  38231,  38232,  38233,  38234,  38235,  38236
  38237,  38238,  38239,  38240,  38241,  38242,  38243,  38244,  38245,  38246,  38247,  38248,  38249,  38250,  38251,  38252
  38253,  38254,  38255,  38256,  38257,  38258,  38259,  38260,  38261,  38262,  38263,  38264,  38265,  38266,  38267,  38268
  38269,  38270,  38271,  38272,  38273,  38274,  38275,  38276,  38277,  38278,  38279,  38280,  38281,  38282,  38283,  38284
  38285,  38286,  38287,  38288,  38289,  38290,  38291,  38292,  38293,  38294,  38295,  38296,  38297,  38298,  38299,  38300
  38301,  38302,  38303,  38304,  38305,  38306,  38307,  38308,  38309,  38310,  38311,  38312,  38313,  38314,  38315,  38316
  38317,  38318,  38319,  38320,  38321,  38322,  38323,  38324,  38325,  38326,  38327,  38328,  38329,  38330,  38331,  38332
  38333,  38334,  38335,  38336,  38337,  38338,  38339,  38340,  38341,  38342,  38343,  38344,  38345,  38346,  38347,  38348
  38349,  38350,  38351,  38352,  38353,  38354,  38355,  38356,  38357,  38358,  38359,  38360,  38361,  38362,  38363,  38364
  38365,  38366,  38367,  38368,  38369,  38370,  38371,  38372,  38373,  38374,  38375,  38376,  38377,  38378,  38379,  38380
  38381,  38382,  38383,  38384,  38385,  38386,  38387,  38388,  38389,  38390,  38391,  38392,  38393,  38394,  38395,  38396
  38397,  38398,  38399,  38400,  38401,  38402,  38403,  38404,  38405,  38406,  38407,  38408,  38409,  38410,  38411,  38412
  38413,  38414,  38415,  38416,  38417,  38418,  38419,  38420,  38421,  38422,  38423,  38424,  38425,  38426,  38427,  38428
  38429,  38430,  38431,  38432,  38433,  38434,  38435,  38436,  38437,  38438,  38439,  38440,  38441,  38442,  38443,  38444
  38445,  38446,  38447,  38448,  38449,  38450,  38451,  38452,  38453,  38454,  38455,  38456,  38457,  38458,  38459,  38460
  38461,  38462,  38463,  38464,  38465,  38466,  38467,  38468,  38469,  38470,  38471,  38472,  38473,  38474,  38475,  38476
  38477,  38478,  38479,  38480,  38481,  38482,  38483,  38484,  38485,  38486,  38487,  38488,  38489,  38490,  38491,  38492
  38493,  38494,  38495,  38496,  38497,  38498,  38499,  38500,  38501,  38502,  38503,  38504,  38505,  38506,  38507,  38508
  38509,  38510,  38511,  38512,  38513,  38514,  38515,  38516,  38517,  38518,  38519,  38520,  38521,  38522,  38523,  38524
  38525,  38526,  38527,  38528,  38529,  38530,  38531,  38532,  38533,  38534,  38535,  38536,  38537,  38538,  38539,  38540
  38541,  38542,  38543,  38544,  38545,  38546,  38547,  38548,  38549,  38550,  38551,  38552,  38553,  38554,  38555,  38556
  38557,  38558,  38559,  38560,  38561,  38562,  38563,  38564,  38565,  38566,  38567,  38568,  38569,  38570,  38571,  38572
  38573,  38574,  38575,  38576,  38577,  38578,  38579,  38580,  38581,  38582,  38583,  38584,  38585,  38586,  38587,  38588
  38589,  38590,  38591,  38592,  38593,  38594,  38595,  38596,  38597,  38598,  38599,  38600,  38601,  38602,  38603,  38604
  38605,  38606,  38607,  38608,  38609,  38610,  38611,  38612,  38613,  38614,  38615,  38616,  38617,  38618,  38619,  38620
  38621,  38622,  38623,  38624,  38625,  38626,  38627,  38628,  38629,  38630,  38631,  38632,  38633,  38634,  38635,  38636
  38637,  38638,  38639,  38640,  38641,  38642,  38643,  38644,  38645,  38646,  38647,  38648,  38649,  38650,  38651,  38652
  38653,  38654,  38655,  38656,  38657,  38658,  38659,  38660,  38661,  38662,  38663,  38664,  38665,  38666,  38667,  38668
  38669,  38670,  38671,  38672,  38673,  38674,  38675,  38676,  38677,  38678,  38679,  38680,  38681,  38682,  38683,  38684
  38685,  38686,  38687,  38688,  38689,  38690,  38691,  38692,  38693,  38694,  38695,  38696,  38697,  38698,  38699,  38700
  38701,  38702,  38703,  38704,  38705,  38706,  38707,  38708,  38709,  38710,  38711,  38712,  38713,  38714,  38715,  38716
  38717,  38718,  38719,  38720,  38721,  38722,  38723,  38724,  38725,  38726,  38727,  38728,  38729,  38730,  38731,  38732
  38733,  38734,  38735,  38736,  38737,  38738,  38739,  38740,  38741,  38742,  38743,  38744,  38745,  38746,  38747,  38748
  38749,  38750,  38751,  38752,  38753,  38754,  38755,  38756,  38757,  38758,  38759,  38760,  38761,  38762,  38763,  38764
  38765,  38766,  38767,  38768,  38769,  38770,  38771,  38772,  38773,  38774,  38775,  38776,  38777,  38778,  38779,  38780
  38781,  38782,  38783,  38784,  38785,  38786,  38787,  38788,  38789,  38790,  38791,  38792,  38793,  38794,  38795,  38796
  38797,  38798,  38799,  38800,  38801,  38802,  38803,  38804,  38805,  38806,  38807,  38808,  38809,  38810,  38811,  38812
  38813,  38814,  38815,  38816,  38817,  38818,  38819,  38820,  38821,  38822,  38823,  38824,  38825,  38826,  38827,  38828
  38829,  38830,  38831,  38832,  38833,  38834,  38835,  38836,  38837,  38838,  38839,  38840,  38841,  38842,  38843,  38844
  38845,  38846,  38847,  38848,  38849,  38850,  38851,  38852,  38853,  38854,  38855,  38856,  38857,  38858,  38859,  38860
  38861,  38862,  38863,  38864,  38865,  38866,  38867,  38868,  38869,  38870,  38871,  38872,  38873,  38874,  38875,  38876
  38877,  38878,  38879,  38880,  38881,  38882,  38883,  38884,  38885,  38886,  38887,  38888,  38889,  38890,  38891,  38892
  38893,  38894,  38895,  38896,  38897,  38898,  38899,  38900,  38901,  38902,  38903,  38904,  38905,  38906,  38907,  38908
  38909,  38910,  38911,  38912,  38913,  38914,  38915,  38916,  38917,  38918,  38919,  38920,  38921,  38922,  38923,  38924
  38925,  38926,  38927,  38928,  38929,  38930,  38931,  38932,  38933,  38934,  38935,  38936,  38937,  38938,  38939,  38940
  38941,  38942,  38943,  38944,  38945,  38946,  38947,  38948,  38949,  38950,  38951,  38952,  38953,  38954,  38955,  38956
  38957,  49450,  49451,  49452,  49453,  55197,  61484,  61485,  61486,  61487,  61488,  61489,  61490,  61491,  61492,  61493
  61494,  61495,  61496,  61497,  61498,  61499,  61500,  61501,  61502,  61503,  61504,  61505,  61506,  61507,  61508,  61509
  61510,  61511,  61512,  61513,  61514,  61515,  61516,  61517,  61518,  61519,  61520,  61521,  61522,  61523,  61524,  61525
  61526,  61527,  61528,  61529,  61530,  61531,  61532,  61533,  61534,  61535,  61536,  61537,  61538,  61539,  61540,  61541
  61542,  61543,  61544,  61545,  61546,  61547,  61548,  61549,  61550,  61551,  61552,  61553,  61554,  61555,  61556,  61557
  61558,  61559,  61560,  61561,  61562,  61563,  61564,  61565,  61566,  61567,  61568,  61569,  61570,  61571,  61572,  61573
  61574,  61575,  61576,  61577,  61578,  61579,  61580,  61581,  61582,  61583,  61584,  61585,  61586,  61587,  61588,  61589
  61590,  61591,  61592,  61593,  61594,  61595,  61596,  61597,  61598,  61599,  61600,  61601,  61602,  61603,  61604,  61605
  61606,  61607,  61608,  61609,  61610,  61611,  61612,  61613,  61614,  61615,  61616,  61617,  61618,  61619,  61620,  61621
  61622,  61623,  61624,  61625,  61626,  61627,  61628,  61629,  61630,  61631,  61632,  61633,  61634,  61635,  61636,  61637
  61638,  61639,  61640,  61641,  61642,  61643,  61644,  61645,  61646,  61647,  61648,  61649,  61650,  61651,  61652,  61653
  61654,  61655,  61656,  61657,  61658,  61659,  61660,  61661,  61662,  61663,  61664,  61665,  61666,  61667,  61668,  61669
  61670,  61671,  61672,  61673,  61674,  61675,  61676,  61677,  61678,  61679,  61680,  61681,  61682,  61683,  61684,  61685
  61686,  61687,  61688,  61689,  61690,  61691,  61692,  61693,  61694,  61695,  61696,  61697,  61698,  61699,  61700,  61701
  61702,  61703,  61704,  61705,  61706,  61707,  61708,  61709,  61710,  61711,  61712,  61713,  61714,  61715,  61716,  61717
  61718,  61719,  61720,  61721,  61722,  61723,  61724,  61725,  61726,  61727,  61728,  61729,  61730,  61731,  61732,  61733
  61734,  61735,  61736,  61737,  61738,  61739,  61740,  61741,  61742,  61743,  61744,  61745,  61746,  61747,  61748,  61749
  61750,  61751,  61752,  61753,  61754,  61755,  61756,  61757,  61758,  61759,  61760,  61761,  61762,  61763,  61764,  61765
  61766,  61767,  61768,  61769,  61770,  61771,  61772,  61773,  61774,  61775,  61776,  61777,  61778,  61779,  61780,  61781
  61782,  61783,  61784,  61785,  61786,  61787,  61788,  61789,  61790,  61791,  61792,  61793,  61794,  61795,  61796,  61797
  61798,  61799,  61800,  61801,  61802,  61803,  61804,  61805,  61806,  61807,  61808,  61809,  61810,  61811,  61812,  61813
  61814,  61815,  61816,  61817,  61818,  61819,  61820,  61821,  61822,  61823,  61824,  61825,  61826,  61827,  61828,  61829
  61830,  61831,  61832,  61833,  61834,  61835,  61836,  61837,  61838,  61839,  61840,  61841,  61842,  61843,  61844,  61845
  61846,  61847,  61848,  61849,  61850,  61851,  61852,  61853,  61854,  61855,  61856,  61857,  61858,  61859,  61860,  61861
  61862,  61863,  61864,  61865,  61866,  61867,  61868,  61869,  61870,  61871,  61872,  61873,  61874,  61875,  61876,  61877
  61878,  61879,  61880,  61881,  61882,  61883,  61884,  61885,  61886,  61887,  61888,  61889,  61890,  61891,  61892,  61893
  61894,  61895,  61896,  61897,  61898,  61899,  61900,  61901,  61902,  61903,  61904,  61905,  61906,  61907,  61908,  61909
  61910,  61911,  61912,  61913,  61914,  61915,  61916,  61917,  61918,  61919,  61920,  61921,  61922,  61923,  61924,  61925
  61926,  61927,  61928,  61929,  61930,  61931,  61932,  61933,  61934,  61935,  61936,  61937,  61938,  61939,  61940,  61941
  61942,  61943,  61944,  61945,  61946,  61947,  61948,  61949,  61950,  61951,  61952,  61953,  61954,  61955,  61956,  61957
  61958,  61959,  61960,  61961,  61962,  61963,  61964,  61965,  61966,  61967,  61968,  61969,  61970,  61971,  61972,  61973
  61974,  61975,  61976,  61977,  61978,  61979,  61980,  61981,  61982,  61983,  61984,  61985,  61986,  61987,  61988,  61989
  61990,  61991,  61992,  61993,  61994,  61995,  61996,  61997,  61998,  61999,  62000,  62001,  62002,  62003,  62004,  62005
  62006,  62007,  62008,  62009,  62010,  62011,  62012,  62013,  62014,  62015,  62016,  62017,  62018,  62019,  62020,  62021
  62022,  62023,  62024,  62025,  62026,  62027,  62028,  62029,  62030,  62031,  62032,  62033,  62034,  62035,  62036,  62037
  62038,  62039,  62040,  62041,  62042,  62043,  62044,  62045,  62046,  62047,  62048,  62049,  62050,  62051,  62052,  62053
  62054,  62055,  62056,  62057,  62058,  62059,  62060,  62061,  62062,  62063,  62064,  62065,  62066,  62067,  62068,  62069
  62070,  62071,  62072,  62073,  62074,  62075,  62076,  62077,  62078,  62079,  62080,  62081,  62082,  62083,  62084,  62085
  62086,  62087,  62088,  62089,  62090,  62091,  62092,  62093,  62094,  62095,  62096,  62097,  62098,  62099,  62100,  62101
  62102,  62103,  62104,  62105,  62106,  62107,  62108,  62109,  62110,  62111,  62112,  62113,  62114,  62115,  62116,  62117
  62118,  62119,  62120,  62121,  62122,  62123,  62124,  62125,  62126,  62127,  62128,  62129,  62130,  62131,  62132,  62133
  62134,  62135,  62136,  62137,  62138,  62139,  62140,  62141,  62142,  62143,  62144,  62145,  62146,  62147,  62148,  62149
  62150,  62151,  62152,  62153,  62154,  62155,  62156,  62157,  62158,  62159,  62160,  62161,  62162,  62163,  62164,  62165
  62166,  62167,  62168,  62169,  62170,  62171,  62172,  62173,  62174,  62175,  62176,  62177,  62178,  62179,  62180,  62181
  62182,  62183,  62184,  62185,  62186,  62187,  62188,  62189,  62190,  62191,  62192,  62193,  62194,  62195,  62196,  62197
  62198,  62199,  62200,  62201,  62202,  62203,  62204,  62205,  62206,  62207,  62208,  62209,  62210,  62211,  62212,  62213
  62214,  62215,  62216,  62217,  62218,  62219,  62220,  62221,  62222,  62223,  62224,  62225,  62226,  62227,  62228,  62229
  62230,  62231,  62232,  62233,  62234,  62235,  62236,  62237,  62238,  62239,  62240,  62241,  62242,  62243,  62244,  62245
  62246,  62247,  62248,  62249,  62250,  62251,  62252,  62253,  62254,  62255,  62256,  62257,  62258,  62259,  62260,  62261
  62262,  62263,  62264,  62265,  62266,  62267,  62268,  62269,  62270,  62271,  62272,  62273,  62274,  62275,  62276,  62277
  62278,  62279,  62280,  62281,  62282,  62283,  62284,  62285,  62286,  62287,  62288,  62289,  62290,  62291,  62292,  62293
  62294,  62295,  62296,  62297,  62298,  62299,  62300,  62301,  62302,  62303,  62304,  62305,  62306,  62307,  62308,  62309
  62310,  62311,  62312,  62313,  62314,  62315,  62316,  62317,  62318,  62319,  62320,  62321,  62322,  62323,  62324,  62325
  62326,  62327,  62328,  62329,  62330,  62331,  62332,  62333,  62334,  62335,  62336,  62337,  62338,  62339,  62340,  62341
  62342,  62343,  62344,  62345,  62346,  62347,  62348,  62349,  62350,  62351,  62352,  62353,  62354,  62355,  62356,  62357
  62358,  62359,  62360,  62361,  62362,  62363,  62364,  62365,  62366,  62367,  62368,  62369,  62370,  62371,  62372,  62373
  62374,  62375,  62376,  62377,  62378,  62379,  62380,  62381,  62382,  62383,  62384,  62385,  62386,  62387,  62388,  62389
  62390,  62391,  62392,  62393,  62394,  62395,  62396,  62397,  62398,  62399,  62400,  62401,  62402,  62403,  62404,  62405
  62406,  62407,  62408,  62409,  62410,  62411,  62412,  62413,  62414,  62415,  62416,  62417,  62418,  62419,  62420,  62421
  62422,  62423,  62424,  62425,  62426,  62427,  62428,  62429,  62430,  62431,  62432,  62433,  62434,  62435,  62436,  62437
  62438,  62439,  62440,  62441,  62442,  62443,  62444,  62445,  62446,  62447,  62448,  62449,  62450,  62451,  62452,  62453
  62454,  62455,  62456,  62457,  62458,  62459,  62460,  62461,  62462,  62463,  62464,  62465,  62466,  62467,  62468,  62469
  62470,  62471,  62472,  62473,  62474,  62475,  62476,  62477,  62478,  62479,  62480,  62481,  62482,  62483,  62484,  62485
  62486,  62487,  62488,  62489,  62490,  62491,  62492,  62493,  62494,  62495,  62496,  62497,  62498,  62499,  62500,  62501
  62502,  62503,  62504,  62505,  62506,  62507,  62508,  62509,  62510,  62511,  62512,  62513,  62514,  62515,  62516,  62517
  62518,  62519,  62520,  62521,  62522,  62523,  62524,  62525,  62526,  62527,  62528,  62529,  62530,  62531,  62532,  62533
  62534,  62535,  62536,  62537,  62538,  62539,  62540,  62541,  62542,  62543,  62544,  62545,  62546,  62547,  62548,  62549
  62550,  62551,  62552,  62553,  62554,  62555,  62556,  62557,  62558,  62559,  62560,  62561,  62562,  62563,  62564,  62565
  62566,  62567,  62568,  62569,  62570,  62571,  62572,  62573,  62574,  62575,  62576,  62577,  62578,  62579,  62580,  62581
  62582,  62583,  62584,  62585,  62586,  62587,  62588,  62589,  62590,  62591,  62592,  62593,  62594,  62595,  62596,  62597
  62598,  62599,  62600,  62601,  62602,  62603,  62604,  62605,  62606,  62607,  62608,  62609,  62610,  62611,  62612,  62613
  62614,  62615,  62616,  62617,  62618,  62619,  62620,  62621,  62622,  62623,  62624,  62625,  62626,  62627,  62628,  62629
  62630,  62631,  62632,  62633,  62634,  62635,  62636,  62637,  62638,  62639,  62640,  62641,  62642,  62643,  62644,  62645
  62646,  62647,  62648,  62649,  62650,  62651,  62652,  62653,  62654,  62655,  62656,  62657,  62658,  62659,  62660,  62661
  62662,  62663,  62664,  62665,  62666,  62667,  62668,  62669,  62670,  62671,  62672,  62673,  62674,  62675,  62676,  62677
  62678,  62679,  62680,  62681,  62682,  62683,  62684,  62685,  62686,  62687,  62688,  62689,  62690,  62691,  62692,  62693
  62694,  62695,  62696,  68834,  68884,  70458,  70675,  70676,  70677,  70678,  70679,  71341,  71435,  71485,  72850,  72851
  72852,  72853,  72854,  72855,  72856,  72857,  72858,  72859,  72860,  72861,  72862,  72863,  72864,  72865,  72866,  72867
  72868,  72869,  72870,  72871,  72872,  72873,  72874,  72875,  72876,  72877,  72878,  72879,  72880,  72881,  72882,  72883
  72884,  72885,  72886,  72887,  72888,  72889,  72890,  72891,  72892,  72893,  72894,  72895,  72896,  72897,  72898,  72899
  72900,  72901,  72902,  72903,  72904,  72905,  72906,  72907,  72908,  72909,  72910,  72911,  72912,  72913,  72914,  72915
  72916,  72917,  72918,  72919,  72920,  72921,  72922,  72923,  72924,  72925,  72926,  72927,  72928,  72929,  72930,  72931
  72932,  72933,  72934,  72935,  72936,  72937,  72938,  72939,  72940,  72941,  72942,  72943,  72944,  72945,  72946,  72947
  72948,  72949,  72950,  72951,  72952,  72953,  72954,  72955,  72956,  72957,  72958,  72959,  72960,  72961,  72962,  72963
  72964,  72965,  72966,  72967,  72968,  72969,  72970,  72971,  72972,  72973,  72974,  72975,  72976,  72977,  72978,  72979
  72980,  72981,  72982,  72983,  72984,  72985,  72986,  72987,  72988,  72989,  72990,  72991,  72992,  72993,  72994,  72995
  72996,  72997,  72998,  72999,  73000,  73001,  73002,  73003,  73004,  73005,  73006,  73007,  73008,  73009,  73010,  73011
  73012,  73013,  73014,  73015,  73016,  73017,  73018,  73019,  73020,  73021,  73022,  73023,  73024,  73025,  73026,  73027
  73028,  73029,  73030,  73031,  73032,  73033,  73034,  73035,  73036,  73037,  73038,  73039,  73040,  73041,  73042,  73043
  73044,  73045,  73046,  73047,  73048,  73049,  73050,  73051,  73052,  73053,  73054,  73055,  73056,  73057,  73058,  73059
  73060,  73061,  73062,  73063,  73064,  73065,  73066,  73067,  73068,  73069,  73070,  73071,  73072,  73073,  73074,  73075
  73076,  73077,  73078,  73079,  73080,  73081,  73082,  73083,  73084,  73085,  73086,  73087,  73088,  73089,  73090,  73091
  73092,  73093,  73094,  73095,  73096,  73097,  73098,  73860,  74224,  75113,  75114,  75115,  75116,  75160,  75161,  75162
  75163,  75164,  75205,  75206,  75221,  75222,  75223,  75245,  75246,  75266,  75267,  75268,  75330,  75331,  75332,  75333
  75334,  75335,  75336,  75401,  75402,  75403,  75404,  75405,  75406,  75407,  75408,  75409,  75410,  75411,  75412,  75452
  75511,  75512,  75513,  75514,  75563,  75564,  75565,  75566,  75699,  75700,  75701,  75702,  75703,  75704,  75705,  75706
  75707,  75708,  75709,  75710,  75711,  75712,  75713,  75714,  75715,  75716,  75717,  75718,  75719,  75720,  75871,  75872
  75873,  75874,  75908,  75909,  75910,  75911,  75949,  75956,  75957,  75958,  75987,  75990,  75996,  75998,  76000,  76001
  76009,  76010,  76011,  76012,  76028,  76071,  76075,  76081,  76082,  76122,  76124,  76138,  76166,  76167,  76178,  76181
  76188,  76221,  76230,  76241,  76242,  76263,  76280,  76281,  76282,  76283,  76315,  76316,  76319,  76320,  76351,  76352
  76355,  76356,  76439,  76442,  76445,  76446,  76471,  76472,  76703,  76704,  76705,  76706,  76707,  76708,  76709,  76710
  76774,  76775,  76776,  76777,  76778,  76781,  76782,  76793,  76794,  76795,  76796,  76797,  76798,  76799,  76800,  76801
  76802,  76803,  76804,  76805,  76806,  76945,  76946,  76947,  76948,  76949,  76950,  76951,  76952,  76953,  76954,  77069
  77070,  77071,  77072,  77073,  77074,  77075,  77076,  77077,  77078,  77079,  77080,  77081,  77082,  77169,  77170,  77171
  77172,  77173,  77259,  77260,  77261,  77262,  77427,  77428,  77429,  77430,  77431,  77432,  77433,  77665,  77666,  77667
  77668,  77669,  77670,  77689,  77690,  77691,  77695,  77696,  77697,  77827,  77828,  77829,  77830,  77831,  77832,  77839
  77840,  77841,  77842,  77843,  77844,  78277,  78278,  78279,  78280,  78281,  78282,  78283,  78284,  78285,  78286,  78352
  78353,  78354,  78355,  78356,  78382,  78383,  78384,  78385,  78386,  78497,  78498,  78499,  78500,  78501,  78502,  78503
  78504,  78505,  78506,  78507,  78508,  78509,  78510,  78511,  78512,  78513,  78514,  78605,  78606,  78607,  78608,  78609
  78610,  78611,  78612,  78613,  78614,  78615,  78616,  78617,  78618,  78619,  78620,  78621,  78622,  78724,  78725,  78726
  78727,  78728,  78734,  78735,  78736,  78737,  78738,  78739,  78740,  78800,  78802,  79009,  79010,  79011,  79012,  79013
  79014,  79015,  79016,  79017,  79018,  79019,  79020,  79021,  79022,  79023,  79024,  79209,  79210,  79211,  79225,  79226
  79227,  79343,  79344,  79345,  79346,  79347,  79348,  79811,  79812,  79813,  79814,  79815,  79816,  79817,  79818,  79819
  79820,  79821,  79822,  79823,  79824,  79825,  79826,  79925,  79926,  80039,  80040,  80041,  80042,  80043,  80044,  80045
  80137,  80138,  80139,  80140,  80141,  80142,  80143,  80144,  80145,  80146,  80147,  80148,  80149,  80150,  80151,  80152
  80153,  80154,  80155,  80156,  80157,  80297,  80298,  80299,  80300,  80301,  80302,  80303,  80304,  80305,  80306,  80307
  80308,  80309,  80310,  80311,  80312,  80313,  80401,  80402,  80741,  80742,  81013,  81014,  81015,  81016,  81017,  81018
  81019,  81020,  81021,  81022,  81023,  81024,  81025,  81026,  81027,  81028,  81029,  81030,  81031,  81032,  81033,  81034
  81035,  81036,  81037,  81038,  81039,  81040,  81041,  81042,  81043,  81044,  81045,  81046,  81047,  81048,  81049,  81050
  81051,  81052,  81053,  81054,  81055,  81056,  81057,  81058,  81059,  81060,  81061,  81062,  81063,  81064,  81065,  81066
  81067,  81068,  81069,  81070,  81071,  81072,  81073,  81074,  81075,  81076,  81077,  81078,  81079,  81080,  81081,  81082
  81083,  81084,  81085,  81086,  81087,  81088,  81089,  81090,  81091,  81092,  81093,  81094,  81095,  81096,  81097,  81098
  81758,  81759,  81760,  81761,  81762,  81763,  81764,  81765,  81766,  81767,  81768,  81769,  81770,  81771,  81772,  81773
  81774,  81775,  81776,  81777,  81778,  81779,  81780,  81781,  81782,  81783,  81784,  81785,  81786,  81787,  81788,  81789
  81790,  81791,  81792,  81793,  81794,  81795,  81796,  81797,  81798,  81799,  81800,  81801,  81802,  81803,  81804,  81805
  81806,  81807,  81808,  81809,  81810,  81811,  81812,  81813,  81814,  81815,  81816,  81817,  81818,  81819,  81820,  81821
  81822,  81823,  81824,  81825,  81826,  81827,  81828,  81829,  81830,  81831,  81832,  81833,  81834,  81835,  81836,  81837
  81838,  81839,  81840,  81841,  81842,  81843,  81844,  81845,  81846,  81847,  81848,  81849,  81850,  81851,  81852,  81853
  81854,  81855,  81856,  81857,  81858,  81859,  81860,  81861,  81862,  82133,  82134,  82722,  82723,  82724,  82725,  82726
  82727,  82728,  82966,  82967,  82968,  82969,  82970,  82971,  82972,  82973,  82974,  82975,  82976,  82977,  82978,  82979
  82980,  82981,  83439,  83440,  83441,  83442,  83443,  83444,  83445,  83446,  83447,  83448,  83449,  83450,  83451,  83452
  83453,  83454,  83455,  83456,  83457,  83458,  83459,  83460,  83461,  83462,  83463,  83464,  83465,  83466,  83467,  83468
  83469,  83470,  83471,  83472,  83473,  83474,  83475,  83476,  83477,  83478,  83479,  83480,  83481,  83482,  83483,  83484
  83485,  83486,  83487,  83488,  83489,  83490,  83491,  83869,  83870,  83871,  83872,  83873,  83874,  83875,  83876,  83877
  83878,  83879,  83880,  83881,  83882,  83883,  83884,  83885,  83886,  83887,  83888,  83889,  83890,  83891,  83892,  83893
  83894,  83895,  83896,  83897,  83898,  83899,  83900,  83901,  83902,  83903,  83904,  83905,  83906,  83907,  83908,  83909
  83910,  83911,  83912,  83913,  83914,  83915,  83916,  83917,  83918,  83919,  83920,  84325,  84326,  84327,  84328,  84329
  84330,  84331,  84332,  84333,  84334,  84335,  84336,  84337,  84338,  84339,  84340,  84341,  84342,  84343,  84344,  85394
  85395,  85396,  85397,  85398,  85399,  85400,  85401,  85402,  85403,  85404,  85405,  85406,  85407,  85408,  85409,  85410
  85411,  85412,  85413,  85414,  85415,  85416,  85417,  85418,  86059,  86060,  86061,  86062,  86063,  86064,  86065,  86066
  86067,  86068,  86069,  86070,  86071,  86072,  86073,  86074,  86075,  86076,  86077,  86078,  86079,  86080,  86081,  86082
  86083,  86084,  86085,  86086,  86087,  86088,  86089,  86090,  86091,  86092,  86093,  86094,  86095,  86096,  86097,  86098
  86099,  86100,  86101,  86102,  86103,  86104,  86105,  86106,  86107,  86108,  86109,  86110,  86111,  86112,  86113,  86114
  86115,  86116,  86117,  86118,  86119,  86120,  86121,  86122,  86123,  86124,  86125,  86126,  86127,  86128,  86129,  86130
  86131,  86132,  86133,  86134,  86135,  86136,  86137,  86138,  86139,  86140,  86141,  86142,  86143,  86144,  86145,  86146
  86147,  86148,  86149,  86150,  86151,  86152,  86153,  86154,  86155,  86156,  86157,  86158,  86159,  86160,  86161,  86162
  86163,  86164,  86165,  86166,  86743,  86744,  86745,  86746,  86747,  86748,  86749,  86750,  86751,  86752,  86753,  86754
  86755,  86756,  86757,  86758,  86759,  86760,  86761,  86762,  86763,  86764,  86765,  86766,  86767,  86768,  86769,  86770
  86771,  86772,  86773,  86774,  86775,  86776,  86777,  86778,  86779,  86780,  86781,  86782,  86783,  86784,  86785,  86786
  86787,  86788,  86789,  86790,  86791,  86792,  86793,  86794,  86795,  86796,  86797,  86798,  86799,  86800,  86801,  86802
  86803,  86804,  86805,  86806,  86807,  86808,  86809,  86810,  86811,  86812,  86813,  86814,  86969,  86970,  86971,  86972
  86973,  87263,  87264,  87265,  87266,  87267,  87268,  87269,  87670,  87671,  89722,  89723,  89724,  89725,  89726,  89727
  89728,  89729,  89730,  89731,  89732,  89733,  89734,  89735,  89736,  89737,  89738,  89739,  89740,  89741,  89742,  89743
  89744,  89745,  89746,  89747,  89748,  89749,  89750,  89751,  90258,  90259,  90260,  90261,  90262,  90263,  90264,  90265
  90266,  90267,  90268,  90269,  90270,  90271,  90272,  90273,  90274,  90275,  90276,  90277,  90278,  90279,  90280,  90281
  90282,  90283,  90284,  90285,  90286,  90287,  90288,  90289,  90290,  90291,  90292,  90293,  90294,  90295,  90296,  90297
  90298,  90299,  90300,  90301,  90302,  90303,  90304,  90305,  90306,  90307,  90308,  90309,  90310,  90311,  90312,  90313
  90314,  90315,  90316,  90317,  90318,  90319,  90320,  90321,  90322,  90323,  90324,  90325,  90326,  90327,  90744,  90745
  90746,  90747,  90748,  90749,  90750,  90751,  90752,  90753,  90754,  90755,  90756,  90757,  90758,  90759,  90760,  90761
  90762,  90763,  90764,  90765,  90766,  90767,  90768,  90769,  90770,  90771,  90772,  90773,  90774,  90775,  90776,  90777
  90778,  90779,  90780,  90781,  90782,  90783,  90784,  90785,  90786,  90787,  90788,  90789,  90790,  90791,  90792,  90793
  90794,  90795,  90796,  90797,  90798,  90799,  90800,  90801,  90802,  90803,  90804,  90805,  90806,  90807,  90808,  90809
  90810,  90811,  90812,  90813,  90814,  90815,  90816,  90817,  90818,  91276,  91277,  91278,  91279,  91280,  91281,  91282
  91283,  91284,  91285,  91286,  91287,  91288,  91289,  91290,  91291,  91292,  91293,  91294,  91295,  91296,  91297,  91298
  91299,  91300,  91301,  91302,  91303,  91304,  91305,  91306,  91307,  91308,  91309,  91310,  91311,  91312,  91313,  91982
  91983,  93180,  93181,  93182,  93183,  93184,  93185,  93186,  93187,  93188,  93189,  93190,  93191,  93192,  93193,  93194
  93195,  93196,  93197,  93198,  93199,  93200,  93201,  93202,  93203,  93204,  93205,  93206,  93207,  93208,  93209,  93210
  93211,  93212,  93213,  93214,  93215,  93216,  93217,  93218,  93219,  93220,  93221,  93222,  93223,  93224,  93225,  93226
  93227,  93228,  93229,  93230,  93231,  93232,  93233,  93234,  93235,  93236,  93237,  93238,  93239,  93240,  93241,  93242
  93243,  93244,  93245,  93246,  93247,  93248,  93249,  93250,  93251,  93252,  93253,  93254,  93255,  93256,  93257,  93258
  93259,  93260,  93261,  93262,  93263,  93264,  93265,  93266,  93267,  93268,  93269,  93270,  93271,  93272,  93273,  93274
  93275,  93276,  93277,  93278,  93279,  93280,  93281,  93282,  93283,  93284,  93285,  93286,  93287,  93288,  93289,  93290
  93291,  93292,  93293,  93294,  93295,  93296,  93297,  93298,  93299,  93300,  93301,  93302,  93303,  93304,  93305,  93306
  93307,  93308,  93309,  93310,  93311,  93312,  93313,  93314,  93315,  93316,  93317,  93318,  93319,  93320,  93321,  93322
  93323,  93324,  93325,  93326,  93327,  93328,  93329,  93330,  93331,  93332,  93333,  93334,  93335,  93336,  93337,  93338
  93339,  93340,  93341,  93342,  93343,  93344,  93345,  93346,  93347,  93348,  93349,  93350,  93351,  93352,  93353,  93354
  93355,  93356,  93357,  93358,  93359,  93360,  93361,  93362,  93363,  93364,  93365,  93366,  93367,  93368,  93369,  93370
  93371,  93372,  93373,  93374,  93375,  93376,  93377,  93378,  93379,  93380,  93381,  93382,  93383,  93384,  93385,  93386
  93387,  93388,  93389,  93390,  93391,  93392,  93393,  93394,  93395,  93396,  93397,  93398,  93399,  93400,  93401,  93402
  93403,  93404,  93405,  93406,  93407,  93408,  93409,  93410,  93411,  93412,  93413,  93414,  93415,  93416,  93417,  93418
  93419,  93420,  93421,  93422,  93423,  93424,  93425,  93426,  93427,  93428,  93429,  93430,  93431,  93432,  93433,  93434
  93435,  93436,  93437,  93438,  93439,  93440,  93441,  93442,  93443,  93444,  93445,  93446,  93447,  93448,  93449,  93450
  93451,  93452,  93453,  93454,  93455,  93456,  93457,  93458,  93459,  93460,  93461,  93462,  93463,  93464,  93465,  93466
  93467,  93468,  93469,  93470,  93471,  93472,  93473,  93474,  93475,  93476,  93477,  93478,  93479,  93480,  93481,  93482
  93483,  93484,  93485,  93486,  93487,  93488,  93489,  93490,  93491,  93492,  93493,  93494,  93495,  93496,  93497,  93498
  93499,  93500,  93501,  93502,  93503,  93504,  93505,  93506,  93507,  93508,  93509,  93510,  93511,  93512,  93513,  93514
  93515,  93516,  93517,  93518,  93519,  93520,  93521,  93522,  93523,  93524,  93525,  93526,  93527,  93528,  93529,  93530
  93531,  93532,  93533,  93534,  93535,  93536,  93537,  93538,  93539,  93540,  93541,  93542,  93543,  93544,  93545,  93546
  93547,  93548,  93549,  93550,  93551,  93552,  93553,  93554,  93555,  93556,  93557,  93558,  93559,  93560,  93561,  93562
  93563,  93564,  93565,  93566,  93567,  93568,  93569,  93570,  93571,  93572,  93573,  93574,  93575,  93576,  93577,  93578
  93579, 102931, 102932, 102933, 102934, 102935, 102936, 102937, 102938, 102939, 102940, 102941, 102942, 102943, 102944, 102945
 102946, 102947, 102948, 102949, 102950, 102951, 102952, 102953, 102954, 102955, 102956, 102957, 102958, 102959, 102960, 102961
 102962, 102963, 102964, 102965, 102966, 102967, 102968, 102969, 102970, 102971, 102972, 102973, 102974, 102975, 102976, 102977
 102978, 102979, 102980, 102981, 102982, 102983, 102984, 102985, 102986, 102987, 102988, 102989, 102990, 102991, 102992, 102993
 102994, 102995, 102996, 102997, 102998, 102999, 103000, 103001, 103002, 103003, 103004, 103005, 103006, 103007, 103008, 103009
 103010, 103011, 103012, 103013, 103014, 103015, 103016, 103017, 103018, 103019, 103020, 103021, 103022, 103023, 103024, 103025
 103026, 103027, 103028, 103029, 103030, 103031, 103032, 103033, 103034, 103035, 103036, 103037, 103038, 103039, 103040, 103041
 103042, 103043, 103044, 103045, 103046, 103047, 103048, 103049, 103050, 103051, 103052, 103053, 103054, 103055, 103056, 103057
 103058, 103059, 103060, 103061, 103062, 103063, 103064, 103065, 103066, 103067, 103068, 103069, 103070, 103071, 103072, 103073
 103074, 103075, 103076, 103077, 103078, 103079, 103080, 103081, 103082, 103083, 103084, 103085, 103086, 103087, 103088, 103089
 103090, 103091, 103092, 103093, 103094, 103095, 103096, 103097, 103098, 103099, 103100, 103101, 103102, 103103, 103104, 103105
 103106, 103107, 103108, 103109, 103110, 103111, 103112, 103113, 103114, 103115, 103116, 103117, 103118, 103119, 103120, 103121
 103122, 103123, 103124, 103125, 103126, 103127, 103128, 103129, 103130, 103131, 103132, 103133, 103134, 103135, 103136, 103137
 103138, 103139, 103140, 103141, 103142, 103143, 103144, 103145, 103146, 103147, 103148, 103149, 103150, 103151, 103152, 103153
 103154, 103155, 103156, 103157, 103158, 103159, 103160, 103161, 103162, 103163, 103164, 103165, 103166, 103167, 103168, 103169
 103170, 103171, 103172, 103173, 103174, 103175, 103176, 103177, 103178, 103179, 103180, 103181, 103182, 103183, 103184, 103185
 103186, 103187, 103188, 103189, 103190, 103191, 103192, 103193, 103194, 103195, 103196, 103197, 103198, 103199, 103200, 103201
 103202, 103203, 103204, 103205, 103206, 103207, 103208, 103209, 103210, 103211, 103212, 103213, 103214, 103215, 103216, 103217
 103218, 103219, 103220, 103221, 103222, 103223, 103224, 103225, 103226, 103227, 103228, 103229, 103230, 103231, 103232, 103233
 103234, 103235, 103236, 103237, 103238, 103239, 103240, 103241, 103242, 103243, 103244, 103245, 103246, 103247, 103248, 103249
 103250, 103251, 103252, 103253, 103254, 103255, 103256, 103257, 103258, 103259, 103260, 103261, 103262, 103263, 103264, 103265
 103266, 103267, 103268, 103269, 103270, 103271, 103272, 103273, 103274, 103275, 103276, 103277, 103278, 103279, 103280, 103281
 103282, 103283, 103284, 103285, 103286, 103287, 103288, 103289, 103290, 103291, 103292, 103293, 103294, 103295, 103296, 103297
 103298, 103299, 103300, 103301, 103302, 103303, 103304, 103305, 103306, 103307, 103308, 103309, 103310, 103311, 103312, 103313
 103314, 103315, 103316, 103317, 103318, 103319, 103320, 103321, 103322, 103323, 103324, 103325, 103326, 103327, 103328, 103329
 103330, 103331, 103332, 103333, 103334, 103335, 103336, 103337, 103338, 103339, 103340, 103341, 103342, 103343, 103344, 103345
 103346, 103347, 103348, 103349, 103350, 103351, 103352, 103353, 103354, 103355, 103356, 103357, 103358, 103359, 103360, 103361
 103362, 103363, 103364, 103365, 103366, 103367, 103368, 103369, 103370, 103371, 103372, 103373, 103374, 103375, 103376, 103377
 103378, 103379, 103380, 103381, 103382, 103383, 103384, 103385, 103386, 103387, 103388, 103389, 103390, 103391, 103392, 103393
 103394, 103395, 103396, 103397, 103398, 103399, 103400, 103401, 103402, 103403, 103404, 103405, 103406, 103407, 103408, 103409
 103410, 103411, 103412, 103413, 103414, 103415, 103416, 103417, 103418, 103419, 103420, 103421, 103422, 103423, 103424, 103425
 103426, 103427, 103428, 103429, 103430, 103431, 103432, 103433, 103434, 103435, 103436, 103437, 103438, 103439, 103440, 103441
 103442, 103443, 103444, 103445, 103446, 103447, 103448, 103449, 103450, 103451, 103452, 103453, 103454, 103455, 103456, 103457
 103458, 103459, 103460, 103461, 103462, 103463, 103464, 103465, 103466, 103467, 103468, 103469, 103470, 103471, 103472, 103473
 103474, 103475, 103476, 103477, 103478, 103479, 103480, 103481, 103482, 103483, 103484, 103485, 103486, 103487, 103488, 103489
 103490, 103491, 103492, 103493, 103494, 103495, 103496, 103497, 103498, 103499, 103500, 103501, 103502, 103503, 103504, 103505
 103506, 103507, 103508, 103509, 103510, 103511, 103512, 103513, 103514, 103515, 103516, 103517, 103518, 103519, 103520, 103521
 103522, 103523, 103524, 103525, 103526, 103527, 103528, 103529, 103530, 103531, 103532, 103533, 103534, 103535, 103536, 103537
 103538, 103539, 103540, 103541, 103542, 103543, 103544, 103545, 103546, 103547, 103548, 103549, 103550, 103551, 103552, 103553
 103554, 103555, 103556, 103557, 103558, 103559, 103560, 103561, 103562, 103563, 103564, 103565, 103566, 103567, 103568, 103569
 103570, 103571, 103572, 103573, 103574, 103575, 103576, 103577, 103578, 103579, 103580, 103581, 103582, 103583, 103584, 103585
 103586, 103587, 103588, 103589, 103590, 103591, 103592, 103593, 103594, 103595, 103596, 103597, 103598, 103599, 103600, 103601
 103602, 103603, 103604, 103605, 103606, 103607, 103608, 103609, 103610, 103611, 103612, 103613, 103614, 103615, 103616, 103617
 103618, 103619, 103620, 103621, 103622, 103623, 103624, 103625, 103626, 103627, 103628, 103629, 103630, 103631, 103632, 103633
 103634, 103635, 103636, 103637, 103638, 103639, 103640, 103641, 103642, 103643, 103644, 103645, 103646, 103647, 103648, 103649
 103650, 103651, 103652, 103653, 103654, 103655, 103656, 103657, 103658, 103659, 103660, 103661, 103662, 103663, 103664, 103665
 103666, 103667, 103668, 103669, 103670, 103671, 103672, 103673, 103674, 103675, 103676, 103677, 103678, 103679, 103680, 103681
 103682, 103683, 103684, 103685, 103686, 103687, 103688, 103689, 103690, 103691, 103692, 103693, 103694, 103695, 103696, 103697
 103698, 103699, 103700, 103701, 103702, 103703, 103704, 103705, 103706, 103707, 103708, 103709, 103710, 103711, 103712, 103713
 103714, 103715, 103716, 103717, 103718, 103719, 103720, 103721, 103722, 103723, 103724, 103725, 103726, 103727, 103728, 103729
 103730, 103731, 103732, 103733, 103734, 103735, 103736, 103737, 103738, 103739, 103740, 103741, 103742, 103743, 103744, 103745
 103746, 103747, 103748, 103749, 103750, 103751, 103752, 103753, 103754, 103755, 103756, 103757, 103758, 103759, 103760, 103761
 103762, 103763, 103764, 103765, 103766, 103767, 103768, 103769, 103770, 103771, 103772, 103773, 103774, 103775, 103776, 103777
 103778, 103779, 103780, 103781, 103782, 103783, 103784, 103785, 103786, 103787, 103788, 103789, 103790, 103791, 103792, 103793
 103794, 103795, 103796, 103797, 103798, 103799, 103800, 103801, 103802, 103803, 103804, 103805, 103806, 103807, 103808, 103809
 103810, 103811, 103812, 103813, 103814, 103815, 103816, 103817, 103818, 103819, 103820, 103821, 103822, 103823, 103824, 103825
 103826, 103827, 103828, 103829, 103830, 103831, 103832, 103833, 103834, 103835, 103836, 103837, 103838, 103839, 103840, 103841
 103842, 103843, 103844, 103845, 103846, 103847, 103848, 103849, 103850, 103851, 103852, 103853, 103854, 103855, 103856, 103857
 103858, 103859, 103860, 103861, 103862, 103863, 103864, 103865, 103866, 103867, 103868, 103869, 103870, 103871, 103872, 103873
 103874, 103875, 103876, 103877, 103878, 103879, 103880, 103881, 103882, 103883, 103884, 103885, 103886, 103887, 103888, 103889
 103890, 103891, 103892, 103893, 103894, 103895, 103896, 103897, 103898, 103899, 103900, 103901, 103902, 103903, 103904, 103905
 103906, 103907, 103908, 103909, 103910, 103911, 103912, 103913, 103914, 103915, 103916, 103917, 103918, 103919, 103920, 103921
 103922, 103923, 103924, 103925, 103926, 103927, 103928, 103929, 103930, 103931, 103932, 103933, 103934, 103935, 103936, 103937
 103938, 103939, 103940, 103941, 103942, 103943, 103944, 103945, 103946, 103947, 103948, 103949, 103950, 103951, 103952, 103953
 103954, 103955, 103956, 103957, 103958, 103959, 103960, 103961, 103962, 103963, 103964, 103965, 103966, 103967, 103968, 103969
 103970, 103971, 103972, 103973, 103974, 103975, 103976, 103977, 103978, 103979, 103980, 103981, 103982, 103983, 103984, 103985
 103986, 103987, 103988, 103989, 103990, 103991, 103992, 103993, 103994, 103995, 103996, 103997, 103998, 103999, 104000, 104001
 104002, 104003, 104004, 104005, 104006, 104007, 104008, 104009, 104010, 104011, 104012, 104013, 104014, 104015, 104016, 104017
 104018, 104019, 104020, 104021, 104022, 104023, 104024, 104025, 104026, 104027, 104028, 104029, 104030, 104031, 104032, 104033
 104034, 104035, 104036, 104037, 104038, 104039, 104040, 104041, 104042, 104043, 104044, 104045, 104046, 104047, 104048, 104049
 104050, 104051, 104052, 104053, 104054, 104055, 104056, 104057, 104058, 104059, 104060, 104061, 104062, 104063, 104064, 104065
 104066, 104067, 104068, 104069, 104070, 104071, 104072, 104073, 104074, 104075, 104076, 104077, 104078, 104079, 104080, 104081
 104082, 104083, 104084, 104085, 104086, 104087, 104088, 104089, 104090, 104091, 104092, 104093, 104094, 104095, 104096, 104097
 104098, 104099, 104100, 104101, 104102, 104103, 104104, 104105, 104106, 104107, 104108, 104109, 104110, 104111, 104112, 104113
 104114, 104115, 104116, 104117, 104118, 104119, 104120, 104121, 104122, 104123, 104124, 104125, 104126, 104127, 104128, 104129
 104130, 104131, 104132, 104133, 104134, 104135, 104136, 104137, 104138, 104139, 104140, 104141, 104142, 104143, 104144, 104145
 104146, 104147, 104148, 104149, 104150, 104151, 104152, 104153, 104154, 104155, 104156, 104157, 104158, 104159, 104160, 104161
 104162, 104163, 104164, 104165, 104166, 104167, 104168, 104169, 104170, 104171, 104172, 104173, 104174, 104175, 104176, 104177
 104178, 104179, 104180, 104181, 104182, 104183, 104184, 104185, 104186, 104187, 104188, 104189, 104190, 104191, 104192, 104193
 104194, 104195, 104196, 104197, 104198, 104199, 104200, 104201, 104202, 104203, 104204, 104205, 104206, 104207, 104208, 104209
 104210, 104211, 104212, 104213, 104214, 104215, 104216, 104217, 104218, 104219, 104220, 104221, 104222, 104223, 104224, 104225
 104226, 104227, 104228, 104229, 104230, 104231, 104232, 104233, 104234, 104235, 104236, 104237, 104238, 104239, 104240, 104241
 104242, 104243, 104244, 104245, 104246, 104247, 104248, 104249, 104250, 104251, 104252, 104253, 104254, 104255, 104256, 104257
 104258, 104259, 104260, 104261, 104262, 104263, 104264, 104265, 104266, 104267, 104268, 104269, 104270, 104271, 104272, 104273
 104274, 104275, 104276, 104277, 104278, 104279, 104280, 104281, 104282, 104283, 104284, 104285, 104286, 104287, 104288, 104289
 104290, 104291, 104292, 104293, 104294, 104295, 104296, 104297, 104298, 104299, 104300, 104301, 104302, 104303, 104304, 104305
 104306, 104307, 104308, 104309, 104310, 104311, 104312, 104313, 104314, 104315, 104316, 104317, 104318, 104319, 104320, 104321
 104322, 104323, 104324, 104325, 104326, 104327, 104328, 104329, 104330, 104331, 104332, 104333, 104334, 104335, 104336, 104337
 104338, 104339, 104340, 104341, 104342, 104343, 104344, 104345, 104346, 104347, 104348, 104349, 104350, 104351, 104352, 104353
 104354, 104355, 104356, 104357, 104358, 104359, 104360, 104361, 104362, 104363, 104364, 104365, 104366, 104367, 104368, 104369
 104370, 104371, 104372, 104373, 104374, 104375, 104376, 104377, 104378, 104379, 104380, 104381, 104382, 104383, 104384, 104385
 104386, 104387, 104388, 104389, 104390, 104391, 104392, 104393, 104394, 104395, 104396, 104397, 104398, 104399, 104400, 104401
 104402, 104403, 104404, 104405, 104406, 104407, 104408, 104409, 104410, 104411, 104412, 104413, 104414, 104415, 104416, 104417
 104418, 104419, 104420, 104421, 104422, 104423, 104424, 104425, 104426, 104427, 104428, 104429, 104430, 104431, 104432, 104433
 104434, 104435, 104436, 104437, 104438, 104439, 104440, 104441, 104442, 104443, 104444, 104445, 104446, 104447, 104448, 104449
 104450, 104451, 104452, 104453, 104454, 104455, 104456, 104457, 104458, 104459, 104460, 104461, 104462, 104463, 104464, 104465
 104466, 104467, 104468, 104469, 104470, 104471, 104472, 104473, 104474, 104475, 104476, 104477, 104478, 104479, 104480, 104481
 104482, 104483, 104484, 104485, 104486, 104487, 104488, 104489, 104490, 104491, 104492, 104493, 104494, 104495, 104496, 104497
 104498, 104499, 104500, 104501, 104502, 104503, 104504, 104505, 104506, 104507, 104508, 104509, 104510, 104511, 104512, 104513
 104514, 104515, 104516, 104517, 104518, 104519, 104520, 104521, 104522, 104523, 104524, 104525, 104526, 104527, 104528, 104529
 104530, 104531, 104532, 104533, 104534, 104535, 104536, 104537, 104538, 104539, 104540, 104541, 104542, 104543, 104544, 104545
 104546, 104547, 104548, 104549, 104550, 104551, 104552, 104553, 104554, 104555, 104556, 104557, 104558, 104559, 104560, 104561
 104562, 104563, 104564, 104565, 104566, 104567, 104568, 104569, 104570, 104571, 104572, 104573, 104574, 104575, 104576, 104577
 104578, 104579, 104580, 104581, 104582, 104583, 104584, 104585, 104586, 104587, 104588, 104589, 104590, 104591, 104592, 104593
 104594, 104595, 104596, 104597, 104598, 104599, 104600, 104601, 104602, 104603, 104604, 104605, 104606, 104607, 104608, 104609
 104610, 104611, 104612, 104613, 104614, 104615, 104616, 104617, 104618, 104619, 104620, 104621, 104622, 104623, 104624, 104625
 104626, 104627, 104628, 104629, 104630, 104631, 104632, 104633, 104634, 104635, 104636, 104637, 104638, 104639, 104640, 104641
 104642, 104643, 104644, 104645, 104646, 104647, 104648, 104649, 104650, 104651, 104652, 104653, 104654, 104655, 104656, 104657
 104658, 104659, 104660, 104661, 104662, 104663, 104664, 104665, 104666, 104667, 104668, 104669, 104670, 104671, 104672, 104673
 104674, 104675, 104676, 104677, 104678, 104679, 104680, 104681, 104682, 104683, 104684, 104685, 104686, 104687, 104688, 104689
 104690, 104691, 104692, 104693, 104694, 104695, 104696, 104697, 104698, 104699, 104700, 104701, 104702, 104703, 104704, 104705
 104706, 104707, 104708, 104709, 104710, 104711, 104712, 104713, 104714, 104715, 104716, 104717, 104718, 104719, 104720, 104721
 104722, 104723, 104724, 104725, 104726, 104727, 104728, 104729, 104730, 104731, 104732, 104733, 104734, 104735, 104736, 104737
 104738, 104739, 104740, 104741, 104742, 104743, 104744, 104745, 104746, 104747, 104748, 104749, 104750, 104751, 104752, 104753
 104754, 104755, 104756, 104757, 104758, 104759, 104760, 104761, 104762, 104763, 104764, 104765, 104766, 104767, 104768, 104769
 104770, 104771, 104772, 104773, 104774, 104775, 104776, 104777, 104778, 104779, 104780, 104781, 104782, 104783, 104784, 104785
 104786, 104787, 104788, 104789, 104790, 104791, 104792, 104793, 104794, 104795, 104796, 104797, 104798, 104799, 104800, 104801
 104802, 104803, 104804, 104805, 104806, 104807, 104808, 104809, 104810, 104811, 104812, 104813, 104814, 104815, 104816, 104817
 104818, 104819, 104820, 104821, 104822, 104823, 104824, 104825, 104826, 104827, 104828, 104829, 104830, 104831, 104832, 104833
 104834, 104835, 104836, 104837, 104838, 104839, 104840, 104841, 104842, 104843, 104844, 104845, 104846, 104847, 104848, 104849
 104850, 104851, 104852, 104853, 104854, 104855, 104856, 104857, 104858, 104859, 104860, 104861, 104862, 104863, 104864, 104865
 104866, 104867, 104868, 104869, 104870, 104871, 104872, 104873, 104874, 104875, 104876, 104877, 104878, 104879, 104880, 104881
 104882, 104883, 104884, 104885, 104886, 104887, 104888, 104889, 104890, 104891, 104892, 104893, 104894, 104895, 104896, 104897
 104898, 104899, 104900, 104901, 104902, 104903, 104904, 104905, 104906, 104907, 104908, 104909, 104910, 104911, 104912, 104913
 104914, 104915, 104916, 104917, 104918, 104919, 104920, 104921, 104922, 104923, 104924, 104925, 104926, 104927, 104928, 104929
 104930, 104931, 104932, 104933, 104934, 104935, 104936, 104937, 104938, 104939, 104940, 104941, 104942, 104943, 104944, 104945
 104946, 104947, 104948, 104949, 104950, 104951, 104952, 104953, 104954, 104955, 104956, 104957, 104958, 104959, 104960, 104961
 104962, 104963, 104964, 104965, 104966, 104967, 104968, 104969, 104970, 104971, 104972, 104973, 104974, 104975, 104976, 104977
 104978, 104979, 104980, 104981, 104982, 104983, 104984, 104985, 104986, 104987, 104988, 104989, 104990, 104991, 104992, 104993
 104994, 104995, 104996, 104997, 104998, 104999, 105000, 105001, 105002, 105003, 105004, 105005, 105006, 105007, 105008, 105009
 105010, 105011, 105012, 105013, 105014, 105015, 105016, 105017, 105018, 105019, 105020, 105021, 105022, 105023, 105024, 105025
 105026, 105027, 105028, 105029, 105030, 105031, 105032, 105033, 105034, 105035, 105036, 105037, 105038, 105039, 105040, 105041
 105042, 105043, 105044, 105045, 105046, 105047, 105048, 105049, 105050, 105051, 105052, 105053, 105054, 105055, 105056, 105057
 105058, 105059, 105060, 105061, 105062, 105063, 105064, 105065, 105066, 105067, 105068, 105069, 105070, 105071, 105072, 105073
 105074, 105075, 105076, 105077, 105078, 105079, 105080, 105081, 105082, 105083, 105084, 105085, 105086, 105087, 105088, 105089
 105090, 105091, 105092, 105093, 105094, 105095, 105096, 105097, 105098, 105099, 105100, 105101, 105102, 105103, 105104, 105105
 105106, 105107, 105108, 105109, 105110, 105111, 105112, 105113, 105114, 105115, 105116, 105117, 105118, 105119, 105120, 105121
 105122, 105123, 105124, 105125, 105126, 105127, 105128, 105129, 105130, 105131, 105132, 105133, 105134, 105135, 105136, 105137
 105138, 105139, 105140, 105141, 105142, 105143, 105144, 105145, 105146, 105147, 105148, 105149, 105150, 105151, 105152, 105153
 105154, 105155, 105156, 105157, 105158, 105159, 105160, 105161, 105162, 105163, 105164, 105165, 105166, 105167, 105168, 105169
 105170, 105171, 105172, 105173, 105174, 105175, 105176, 105177, 105178, 105179, 105180, 105181, 105182, 105183, 105184, 105185
 105186, 105187, 105188, 105189, 105190, 105191, 105192, 105193, 105194, 105195, 105196, 105197, 105198, 105199, 105200, 105201
 105202, 105203, 105204, 105205, 105206, 105207, 105208, 105209, 105210, 105211, 105212, 105213, 105214, 105215, 105216, 105217
 105218, 105219, 105220, 105221, 105222, 105223, 105224, 105225, 105226, 105227, 105228, 105229, 105230, 105231, 105232, 105233
 105234, 105235, 105236, 105237, 105238, 105239, 105240, 105241, 105242, 105243, 105244, 105245, 105246, 105247, 105248, 105249
 105250, 105251, 105252, 105253, 105254, 105255, 105256, 105257, 105258, 105259, 105260, 105261, 105262, 105263, 105264, 105265
 105266, 105267, 105268, 105269, 105270, 105271, 105272, 105273, 105274, 105275, 105276, 105277, 105278, 105279, 105280, 105281
 105282, 105283, 105284, 105285, 105286, 105287, 105288, 105289, 105290, 105291, 105292, 105293, 105294, 105295, 105296, 105297
 105298, 105299, 105300, 105301, 105302, 105303, 105304, 105305, 105306, 105307, 105308, 105309, 105310, 105311, 105312, 105313
 105314, 105315, 105316, 105317, 105318, 105319, 105320, 105321, 105322, 105323, 105324, 105325, 105326, 105327, 105328, 105329
 105330, 105331, 105332, 105333, 105334, 105335, 105336, 105337, 105338, 105339, 105340, 105341, 105342, 105343, 105344, 105345
 105346, 105347, 105348, 105349, 105350, 105351, 105352, 105353, 105354, 105355, 105356, 105357, 105358, 105359, 105360, 105361
 105362, 105363, 105364, 105365, 105366, 105367, 105368, 105369, 105370, 105371, 105372, 105373, 105374, 105375, 105376, 105377
 105378, 105379, 105380, 105381, 105382, 105383, 105384, 105385, 105386, 105387, 105388, 105389, 105390, 105391, 105392, 105393
 105394, 105395, 105396, 105397, 105398, 105399, 105400, 105401, 105402, 105403, 105404, 105405, 105406, 105407, 105408, 105409
 105410, 105411, 105412, 105413, 105414, 105415, 105416, 105417, 105418, 105419, 105420, 105421, 105422, 105423, 105424, 105425
 105426, 105427, 105428, 105429, 105430, 105431, 105432, 105433, 105434, 105435, 105436, 105437, 105438, 105439, 105440, 105441
 105442, 105443, 105444, 105445, 105446, 105447, 105448, 105449, 105450, 105451, 105452, 105453, 105454, 105455, 105456, 105457
 105458, 105459, 105460, 105461, 105462, 105463, 105464, 105465, 105466, 105467, 105468, 105469, 105470, 105471, 105472, 105473
 105474, 105475, 105476, 105477, 105478, 105479, 105480, 105481, 105482, 105483, 105484, 105485, 105486, 105487, 105488, 105489
 105490, 105491, 105492, 105493, 105494, 105495, 105496, 105497, 105498, 105499, 105500, 105501, 105502, 105503, 105504, 105505
 105506, 105507, 105508, 105509, 105510, 105511, 105512, 105513, 105514, 105515, 105516, 105517, 127389, 127390, 127391, 127392
 127393, 127394, 127395, 127396, 127397, 127398, 127399, 127400, 127401, 127402, 127403, 127404, 127405, 127406, 127407, 127408
 127409, 127410, 127411, 127412, 127413, 127414, 127415, 127416, 127417, 127418, 127419, 127420, 127421, 127422, 127423, 127424
 127425, 127426, 127427, 127428, 127429, 127430, 127431, 127432, 127433, 127434, 127435, 127436, 127437, 127438, 127439, 127440
 127441, 127442, 127443, 127444, 127445, 127446, 127447, 127448, 127449, 127450, 127451, 127452, 127453, 127454, 127455, 127456
 127457, 127458, 127459, 127460, 127461, 127462, 127463, 127464, 127465, 127466, 127467, 127468, 127469, 127470, 127471, 127472
 127473, 127474, 127475, 127476, 127477, 127478, 127479, 127480, 127481, 127482, 127483, 127484, 127485, 127486, 127487, 127488
 127489, 127490, 127491, 127492, 127493, 127494, 127495, 127496, 127497, 127498, 127499, 127500, 127501, 127502, 127503, 127504
 127505, 127506, 127507, 127508, 127509, 127510, 127511, 127512, 127513, 127514, 127515, 127516, 127517, 127518, 127519, 127520
 127521, 127522, 127523, 127524, 127525, 127526, 127527, 127528, 127529, 127530, 127531, 127532, 127533, 127534, 127535, 127536
 127537, 127538, 127539, 127540, 127541, 127542, 127543, 127544, 127545, 127546, 127547, 127548, 127549, 127550, 127551, 127552
 127553, 127554, 127555, 127556, 127557, 127558, 127559, 127560, 127561, 127562, 127563, 127564, 127565, 127566, 127567, 127568
 127569, 127570, 127571, 127572, 127573, 127574, 127575, 127576, 127577, 127578, 127579, 127580, 127581, 127582, 127583, 127584
 127585, 127586, 127587, 127588, 127589, 127590, 127591, 127592, 127593, 127594, 127595, 127596, 127597, 127598, 127599, 127600
 127601, 127602, 127603, 127604, 127605, 127606, 127607, 127608, 127609, 127610, 127611, 127612, 127613, 127614, 127615, 127616
 127617, 127618, 127619, 127620, 127621, 127622, 127623, 127624, 127625, 127626, 127627, 127628, 127629, 127630, 127631, 127632
 127633, 127634, 127635, 127636, 127637, 127638, 127639, 127640, 127641, 127642, 127643, 127644, 127645, 127646, 127647, 127648
 127649, 127650, 127651, 127652, 127653, 127654, 127655, 127656, 127657, 127658, 127659, 127660, 127661, 127662, 127663, 127664
 127665, 127666, 127667, 127668, 127669, 127670, 127671, 127672, 127673, 127674, 127675, 127676, 127677, 127678, 127679, 127680
 127681, 127682, 127683, 127684, 127685, 127686, 127687, 127688, 127689, 127690, 127691, 127692, 127693, 127694, 127695, 127696
 127697, 127698, 127699, 127700, 127701, 127702, 127703, 127704, 127705, 127706, 127707, 127708, 127709, 127710, 127711, 127712
 127713, 127714, 127715, 127716, 127717, 127718, 127719, 127720, 127721, 127722, 127723, 127724, 127725, 127726, 127727, 127728
 127729, 127730, 127731, 127732, 127733, 127734, 127735, 127736, 127737, 127738, 127739, 127740, 127741, 127742, 127743, 127744
 127745, 127746, 127747, 127748, 127749, 127750, 127751, 127752, 127753, 127754, 127755, 127756, 127757, 127758, 127759, 127760
 127761, 127762, 127763, 127764, 127765, 127766, 127767, 127768, 127769, 127770, 127771, 127772, 127773, 127774, 127775, 127776
 127777, 127778, 127779, 127780, 127781, 127782, 127783, 127784, 127785, 127786, 127787, 127788, 127789, 127790, 127791, 127792
 127793, 127794, 127795, 127796, 127797, 127798, 127799, 127800, 127801, 127802, 127803, 127804, 127805, 127806, 127807, 127808
 127809, 127810, 127811, 127812, 127813, 127814, 127815, 127816, 127817, 127818, 127819, 127820, 127821, 127822, 127823, 127824
 127825, 127826, 127827, 127828, 127829, 127830, 127831, 127832, 127833, 127834, 127835, 127836, 127837, 127838, 127839, 127840
 127841, 127842, 127843, 127844, 127845, 127846, 127847, 127848, 127849, 127850, 127851, 127852, 127853, 127854, 127855, 127856
 127857, 127858, 127859, 127860, 127861, 127862, 127863, 127864, 127865, 127866, 127867, 127868, 127869, 127870, 127871, 127872
 127873, 127874, 127875, 127876, 127877, 127878, 127879, 127880, 127881, 127882, 127883, 127884, 127885, 127886, 127887, 127888
 127889, 127890, 127891, 127892, 127893, 127894, 127895, 127896, 127897, 127898, 127899, 127900, 127901, 127902, 127903, 127904
 127905, 127906, 127907, 127908, 127909, 127910, 127911, 127912, 127913, 127914, 127915, 127916, 127917, 127918, 127919, 127920
 127921, 127922, 127923, 127924, 127925, 127926, 127927, 127928, 127929, 127930, 127931, 127932, 127933, 127934, 127935, 127936
 127937, 127938, 127939, 127940, 127941, 127942, 127943, 127944, 127945, 127946, 127947, 127948, 127949, 127950, 127951, 127952
 127953, 127954, 127955, 127956, 127957, 127958, 127959, 127960, 127961, 127962, 127963, 127964, 127965, 127966, 127967, 127968
 127969, 127970, 127971, 127972, 127973, 127974, 127975, 127976, 127977, 127978, 127979, 127980, 127981, 127982, 127983, 127984
 127985, 127986, 127987, 127988, 127989, 127990, 127991, 127992, 127993, 127994, 127995, 127996, 127997, 127998, 127999, 128000
 128001, 128002, 128003, 128004, 128005, 128006, 128007, 128008, 128009, 128010, 128011, 128012, 128013, 128014, 128015, 128016
 128017, 128018, 128019, 128020, 128021, 128022, 128023, 128024, 128025, 128026, 128027, 128028, 128029, 128030, 128031, 128032
 128033, 128034, 128035, 128036, 128037, 128038, 128039, 128040, 128041, 128042, 128043, 128044, 128045, 128046, 128047, 128048
 128049, 128050, 128051, 128052, 128053, 128054, 128055, 128056, 128057, 128058, 128059, 128060, 128061, 128062, 128063, 128064
 128065, 128066, 128067, 128068, 128069, 128070, 128071, 128072, 128073, 128074, 128075, 128076, 128077, 128078, 128079, 128080
 128081, 128082, 128083, 128084, 128085, 128086, 128087, 128088, 128089, 128090, 128091, 128092, 128093, 128094, 128095, 128096
 128097, 128098, 128099, 128100, 128101, 128102, 128103, 128104, 128105, 128106, 128107, 128108, 128109, 128110, 128111, 128112
 128113, 128114, 128115, 128116, 128117, 128118, 128119, 128120, 128121, 128122, 128123, 128124, 128125, 128126, 128127, 128128
 128129, 128130, 128131, 128132, 128133, 128134, 128135, 128136, 128137, 128138, 128139, 128140, 128141, 128142, 128143, 128144
 128145, 128146, 128147, 128148, 128149, 128150, 128151, 128152, 128153, 128154, 128155, 128156, 128157, 128158, 128159, 128160
 128161, 128162, 128163, 128164, 128165, 128166, 128167, 128168, 128169, 128170, 128171, 128172, 128173, 128174, 128175, 128176
 128177, 128178, 128179, 128180, 128181, 128182, 128183, 128184, 128185, 128186, 128187, 128188, 128189, 128190, 128191, 128192
 128193, 128194, 128195, 128196, 128197, 128198, 128199, 128200, 128201, 128202, 128203, 128204, 128205, 128206, 128207, 128208
 128209, 128210, 128211, 128212, 128213, 128214, 128215, 128216, 128217, 128218, 128219, 128220, 128221, 128222, 128223, 128224
 128225, 128226, 128227, 128228, 128229, 128230, 128231, 128232, 128233, 128234, 128235, 128236, 128237, 128238, 128239, 128240
 128241, 128242, 128243, 128244, 128245, 128246, 128247, 128248, 128249, 128250, 128251, 128252, 128253, 128254, 128255, 128256
 128257, 128258, 128259, 128260, 128261, 128262, 128263, 128264, 128265, 128266, 128267, 128268, 128269, 128270, 128271, 128272
 128273, 128274, 128275, 128276, 128277, 128278, 128279, 128280, 128281, 128282, 128283, 128284, 128285, 128286, 128287, 128288
 128289, 128290, 128291, 128292, 128293, 128294, 128295, 128296, 128297, 128298, 128299, 128300, 128301, 128302, 128303, 128304
 128305, 128306, 128307, 128308, 128309, 128310, 128311, 128312, 128313, 128314, 128315, 128316, 128317, 128318, 128319, 128320
 128321, 128322, 128323, 128324, 128325, 128326, 128327, 128328, 128329, 128330, 128331, 128332, 128333, 128334, 128335, 128336
 128337, 128338, 128339, 128340, 128341, 128342, 128343, 128344, 128345, 128346, 128347, 128348, 128349, 128350, 128351, 128352
 128353, 128354, 128355, 128356, 128357, 128358, 128359, 128360, 128361, 128362, 128363, 128364, 128365, 128366, 128367, 128368
 128369, 128370, 128371, 128372, 128373, 128374, 128375, 128376, 128377, 128378, 128379, 128380, 128381, 128382, 128383, 128384
 128385, 128386, 128387, 128388, 128389, 128390, 128391, 128392, 128393, 128394, 128395, 128396, 128397, 128398, 128399, 128400
 128401, 128402, 128403, 128404, 128405, 128406, 128407, 128408, 128409, 128410, 128411, 128412, 128413, 128414, 128415, 128416
 128417, 128418, 128419, 128420, 128421, 128422, 128423, 128424, 128425, 128426, 128427, 128428, 128429, 128430, 128431, 128432
 128433, 128434, 128435, 128436, 128437, 128438, 128439, 128440, 128441, 128442, 128443, 128444, 128445, 128446, 128447, 128448
 128449, 128450, 128451, 128452, 128453, 128454, 128455, 128456, 128457, 128458, 128459, 128460, 128461, 128462, 128463, 128464
 128465, 128466, 128467, 128468, 128469, 128470, 128471, 128472, 128473, 128474, 128475, 128476, 128477, 128478, 128479, 128480
 128481, 128482, 128483, 128484, 128485, 128486, 128487, 128488, 128489, 128490, 128491, 128492, 128493, 128494, 128495, 128496
 128497, 128498, 128499, 128500, 128501, 128502, 128503, 128504, 128505, 128506, 128507, 128508, 128509, 128510, 128511, 133954
 133955, 133956, 133957, 133958, 133959, 134307, 134355, 134710, 134989, 134990, 134991, 134992, 135027, 135028, 135030, 135031
*Nset, nset=Interaction, instance=Level4-1
    149,    150,    151,    152,    223,    224,    225,    226,    227,    228,    229,    230,    691,    692,    693,    694
    719,    720,    721,    722,    795,    796,    797,    798,    839,    840,    841,    842,    907,    908,    909,    910
    943,    944,    945,    946,    979,    980,    981,    982,   1015,   1016,   1017,   1018,   1051,   1052,   1053,   1054
   1087,   1088,   1089,   1090,   1123,   1124,   1125,   1126,   1127,   1128,   1129,   1130,   1131,   1132,   1133,   1134
   1135,   1136,   1137,   1138,   1139,   1140,   1141,   1142,   1143,   1144,   1145,   1146,   1147,   1148,   1149,   1150
   1151,   1152,   1153,   1154,   1155,   1156,   1157,   1158,   1159,   1160,   1161,   1162,   1163,   1164,   1165,   1166
   2815,   2816,   2817,   2818,   3241,   3242,   3243,   3244,   3285,   3286,   3287,   3288,   3509,   3510,   3511,   3512
   3515,   3516,   3517,   3518,   3519,   3520,   3521,   3522,   3523,   3524,   3525,   3526,   3527,   3528,   3675,   3676
   3677,   3678,   3679,   3680,   3681,   3682,   3683,   3684,   3685,   3686,   3687,   3688,   3689,   3690,   3691,   3692
   3693,   3694,   3695,   3696,   3709,   3710,   3711,   3712,   3713,   3714,   3747,   3748,   3749,   3750,   3751,   3752
   3753,   3754,   3755,   3756,   3757,   3758,   3759,   3760,   3761,   3762,   3763,   3764,   3765,   3766,   3767,   3768
   3769,   3770,   3771,   3772,   3773,   3774,   3783,   3784,   3785,   3786,   3787,   3788,   3789,   3790,   3791,   3792
   3793,   3794,   3795,   3796,   3797,   3798,   3799,   3800,   3801,   3802,   3803,   3804,   3805,   3806,   3807,   3808
   3809,   3810,   3811,   3812,   3813,   3814,   3815,   3816,   3817,   3818,   3819,   3820,   3821,   3822,   3823,   3824
   3825,   3826,   3827,   3828,   3829,   3830,   3831,   3832,   3833,   3834,   3835,   3836,   3837,   3838,   3839,   3840
   3841,   3842,   3843,   3844,   3845,   3846,   3847,   3848,   3849,   3850,   3851,   3852,   3853,   3854,   3855,   3856
   3857,   3858,   3859,   3860,   3861,   3862,   3863,   3864,   3865,   3866,   3867,   3868,   3869,   3870,   3871,   3872
   3873,   3874,   3875,   3876,   3877,   3878,   3879,   3880,   3881,   3882,   3883,   3884,   3885,   3886,   3887,   3888
   3889,   3890,   3891,   3892,   3893,   3894,   3895,   3896,   3897,   3898,   3899,   3900,   3901,   3902,   3903,   3904
   3905,   3906,   3907,   3908,   3909,   3910,   3911,   3912,   3913,   3914,   3915,   3916,   3917,   3918,   3919,   3920
   3921,   3922,   3923,   3924,   3925,   3926,   3927,   3928,   3929,   3930,   4471,   4472,   4473,   4474,   4475,   4476
   4477,   4482,   4483,   4484,   4485,   4486,   4487,   4488,   4493,   4494,   4495,   4500,   4501,   4502,   6193,   6198
   6201,   6202,   6443,   6444,   6445,   6446,   6447,   6448,   6571,   6576,   6579,   6580,   6581,   6582,   6809,   6810
   6811,   6812,   6813,   6814,   6815,   6820,   6821,   6822,   6823,   6824,   6825,   6826,   6829,   6830,   7047,   7048
   7147,   7148,   7149,   7150,   7155,   7156,   7157,   7158,   7307,   7308,   7309,   7314,   7315,   7316,   7429,   7434
   7437,   7438,   7559,   7560,   7561,   7562,   7563,   7564,   7565,   7566,   7739,   7740,   7749,   7750,   7751,   7752
   7753,   7754,   7771,   7772,   7773,   7774,   7775,   7778,   7779,   7780,   7781,   7782,   7785,   7786,   7787,   7788
   7789,   7790,   7791,   7792,   7793,   7794,   7797,   7798,   7799,   7800,   7801,   7804,   7805,   7806,   7807,   7808
   7809,   7810,   7811,   7812,   7815,   7816,   7817,   7818,   7823,   7824,   7825,   7826,   7827,   7828,   7833,   7834
   7835,   7836,   7837,   7838,   7855,   7856,   7857,   7858,   7863,   7864,   7865,   7866,   7869,   7870,   7871,   7872
   7873,   7876,   7877,   7878,   7879,   7880,   7887,   7888,   7889,   7890,   7891,   7892,   7893,   7894,   7895,   7896
   7903,   7904,   7905,   7906,   7907,   7908,   7909,   7910,   7911,   7912,   7913,   7914,   7915,   7916,   7917,   7918
   7919,   7920,   7921,   7922,   7923,   7924,   7925,   7926,   7927,   7928,   7929,   7930,   7931,   7932,   7933,   7934
   7935,   7936,   7937,   7938,   7939,   7940,   7941,   7942,   7943,   7944,   7945,   7946,  12029,  12030,  12031,  12032
  12033,  12034,  12757,  12758,  12759,  12760,  12761,  12762,  12763,  13014,  13015,  13016,  13017,  13018,  13019,  13020
  13021,  13022,  13023,  13024,  13025,  13026,  13027,  13028,  13549,  13550,  13551,  13552,  13553,  13554,  13555,  13556
  13557,  13558,  13559,  13560,  15397,  15398,  15585,  15586,  16589,  16590,  16949,  16950,  17319,  17320,  17455,  17456
  18157,  18158,  18159,  18160,  18161,  18162,  18163,  18164,  18165,  18166,  18167,  18168,  18169,  18170,  18171,  18172
  18173,  18174,  18175,  18176,  18177,  18178,  18195,  18196,  18197,  18198,  18199,  18200,  18201,  18202,  18203,  18204
  18205,  18206,  18207,  18208,  18209,  18210,  18211,  18212,  18229,  18230,  18231,  18232,  18233,  18234,  18247,  18248
  18249,  18250,  18251,  18252,  18253,  18254,  18255,  18256,  18405,  18406,  18407,  18408,  18409,  18410,  18411,  18412
  18413,  18414,  18427,  18428,  18429,  18430,  18431,  18432,  18433,  18434,  18435,  18436,  18437,  18438,  18439,  18440
  18441,  18442,  18443,  18444,  18445,  18446,  18447,  18448,  18461,  18462,  18463,  18464,  18465,  18466,  18467,  18468
  18469,  18470,  18651,  18652,  18845,  18846,  18875,  18876,  18893,  18894,  18907,  18908,  18909,  18910,  18923,  18924
  18925,  18926,  18927,  18928,  18929,  18930,  18943,  18944,  18945,  18946,  18947,  18948,  18949,  18950,  18951,  18952
  18965,  18966,  18967,  18968,  18969,  18970,  18971,  18972,  18973,  18974,  18991,  18992,  18993,  18994,  18995,  18996
  19013,  19014,  19015,  19016,  19017,  19018,  19019,  19020,  19021,  19022,  19023,  19024,  19025,  19026,  19027,  19028
  19029,  19030,  19047,  19048,  19065,  19066,  19083,  19084,  19101,  19102,  19119,  19120,  19149,  19150,  20181,  20534
  20535,  20744,  20745,  20746,  20747,  20748,  20749,  20750,  21457,  49576,  49577,  49578,  49579,  55382,  70485,  71512
  74293,  74302,  74315,  74316,  74317,  74318,  74319,  74424,  74429,  74434,  74447,  75133,  75134,  75135,  75136,  75137
  75138,  75139,  75140,  75141,  75142,  75143,  75144,  75183,  75184,  75185,  75186,  75289,  75290,  75291,  75292,  75299
  75300,  75301,  75306,  75307,  75308,  75445,  75446,  75447,  75448,  75539,  75540,  75541,  75542,  75586,  75587,  75588
  75589,  75817,  75818,  75819,  75820,  75821,  75822,  75823,  75824,  75825,  75826,  75831,  75832,  75833,  75834,  75835
  75836,  75837,  75838,  75839,  75840,  75841,  75842,  75843,  75844,  75845,  75846,  75849,  75850,  75854,  75855,  75892
  75893,  75898,  75899,  76204,  76205,  76208,  76209,  76223,  76225,  76228,  76234,  76302,  76303,  76304,  76305,  76373
  76374,  76377,  76378,  76379,  76380,  76381,  76382,  76479,  76480,  76481,  76482,  76483,  76484,  76485,  76486,  77906
  77907,  77908,  77916,  77917,  77918,  77923,  77924,  77925,  77926,  77927,  77928,  77933,  77934,  77935,  77936,  77937
  77938,  78895,  78896,  78899,  78904,  78907,  78908,  78909,  78910,  78911,  78912,  78913,  78914,  78915,  78916,  78917
  78918,  78919,  78920,  79131,  79132,  79133,  79138,  79139,  79140,  79273,  79278,  79281,  79282,  79283,  79284,  79417
  79418,  79419,  79420,  79421,  79422,  79423,  79424,  79425,  79426,  79427,  79428,  79433,  79434,  79435,  79436,  79441
  79442,  79443,  79444,  79451,  79452,  79453,  79454,  79455,  79458,  79459,  79460,  79461,  79462,  79463,  79464,  79465
  79466,  79467,  79470,  79471,  79472,  79473,  79474,  79477,  79478,  79479,  79480,  79481,  79482,  79483,  79484,  79485
  79486,  79487,  79488,  79489,  79490,  79491,  79492,  79493,  79494,  79495,  79496,  79497,  79498,  79499,  79500,  79501
  79502,  79503,  79504,  79505,  79506,  79507,  79508,  79509,  79510,  79511,  79512,  79513,  79514,  79515,  79516,  79517
  79518,  79519,  79520,  79521,  79522,  79875,  79876,  79877,  79878,  80397,  80398,  80399,  80400,  80653,  80674,  82085
  82086,  82839,  82840,  82841,  82842,  82843,  82844,  82845,  83094,  83095,  83096,  83097,  83098,  83099,  83100,  83101
  83102,  83103,  83104,  83105,  83106,  83107,  83108,  83109,  87075,  87076,  87077,  87078,  87079,  87080,  87081,  87602
  87603, 133942, 133949, 134110, 134111, 134112, 134113, 134114, 134115, 134505, 134506, 134525, 134526, 134575, 134576, 134577
 134578, 134579, 134580, 134581, 134582, 134583, 134584, 134585, 134586, 134967, 134968, 134969, 134970, 134971, 134972, 134973
 134974, 134975, 134976, 135009, 135010, 135011, 135012, 135045, 135046, 135047, 135048